115
183
316
130
246
181
77
149
294
110
298
232
214
65
381
38
459
260
266
54
52
248
20
94
412
340
0
185
355
239
432
322
274
248
453
20
429
30
22
75
492
320
308
207
385
189
97
344
301
216
250
353
316
123
300
228
463
300
266
170
391
198
493
165
299
446
185
80
476
207
156
321
27
464
28
265
153
477
461
454
193
212
159
9
335
311
90
298
463
208
469
354
406
314
371
57
260
57
138
88
116
294
409
496
258
437
113
263
415
74
69
460
286
80
322
473
392
412
124
355
120
445
62
378
259
433
436
19
342
426
107
311
220
369
159
330
306
272
93
73
346
162
34
485
242
356
310
486
120
434
194
92
231
108
470
490
393
258
361
236
184
321
399
256
190
58
86
348
182
179
422
28
193
308
365
288
16
176
126
488
110
320
80
194
428
402
184
322
161
398
410
197
71
309
454
261
219
40
461
401
72
235
281
265
43
147
405
411
323
32
399
285
204
479
479
133
234
16
307
247
414
69
444
485
230
250
98
301
143
59
202
215
295
335
332
190
482
238
102
157
122
353
443
326
185
422
311
419
290
470
166
204
39
110
41
121
213
491
422
356
403
124
71
50
312
255
240
294
493
194
452
467
48
247
294
233
21
457
4
312
428
170
16
319
132
410
441
345
253
363
201
156
340
124
206
152
380
299
298
225
493
250
193
393
349
339
478
371
296
482
183
76
4
51
396
137
461
189
482
215
52
36
223
244
160
430
396
40
81
195
266
426
297
311
320
147
150
150
18
298
485
53
227
489
104
475
126
66
164
461
133
68
497
208
313
157
490
61
50
71
256
168
498
406
479
170
405
481
172
423
131
157
328
210
499
432
185
125
350
201
438
483
270
435
44
83
445
34
144
495
106
253
15
456
159
346
126
416
179
150
191
310
308
19
21
307
451
58
284
302
260
223
137
30
10
181
465
455
216
461
302
174
66
317
130
77
163
108
493
342
258
184
5
418
203
378
77
155
288
214
457
48
437
446
430
299
128
247
255
196
209
57
222
275
227
204
353
242
312
198
437
422
383
442
193
86
172
270
93
460
484
402
9
273
349
291
73
329
39
180
377
248
89
99
375
316
303
80
411
467
279
348
241
14
290
434
100
462
205
46
