83056 40 0 8575254528 3 8579448832 16 1 4591 9999 0 9999 9999 9999 9999 3 9999 8 9999 9999 9999 9999 9999 9999 8 
83458 40 0 8574205952 3 8580497408 1 1 4597 8000 
80383 45 3 8581545984 0 8573157376 16 1 4719 4 9999 3 9999 9999 9999 9999 9999 9999 9999 9999 9999 1 9999 9999 3 
80725 43 3 8583643136 0 8578400256 1 1 4725 8000 
110293 40 0 8575254528 3 8579448832 16 1 6093 9 0 9 6 5 17 3 5 8 12 2 9999 6 10 4 7 
110326 46 0 8574205952 3 8580497408 1 1 6094 8001 
106696 43 3 8581545984 0 8573157376 16 1 6320 4 9 3 8 14 9999 10 9999 9999 9 4 11 1 4 8 3 
106729 66 3 8583643136 0 8578400256 1 1 6321 8001 
139345 40 0 8575254528 3 8579448832 16 1 7520 4 0 5 6 5 8 3 5 8 6 2 9 6 10 4 5 
139378 46 0 8574205952 3 8580497408 1 1 7521 8002 
126124 43 3 8581545984 0 8573157376 16 1 7781 4 9 3 8 9 10 10 6 7 9 4 11 1 4 8 3 
126157 66 3 8583643136 0 8578400256 1 1 7782 8002 
161569 40 0 8575254528 3 8579448832 16 1 8959 4 0 5 6 5 8 3 5 6 6 2 8 6 10 4 5 
161602 46 0 8574205952 3 8580497408 1 1 8960 8003 
145648 43 3 8581545984 0 8573157376 16 1 9296 4 9 3 8 9 9 7 6 6 7 4 9 1 4 8 3 
145681 66 3 8583643136 0 8578400256 1 1 9297 8003 
185557 40 0 8575254528 3 8579448832 16 1 10387 4 0 5 6 5 8 3 5 6 6 2 8 6 10 4 5 
185590 46 0 8574205952 3 8580497408 1 1 10388 8004 
164110 43 3 8581545984 0 8573157376 16 1 10757 4 7 3 8 9 9 7 6 6 7 4 9 1 4 8 3 
164143 66 3 8583643136 0 8578400256 1 1 10758 8004 
208111 40 0 8575254528 3 8579448832 16 1 11843 4 0 5 6 5 8 3 5 6 6 2 8 6 10 4 5 
208144 46 0 8574205952 3 8580497408 1 1 11844 8005 
182182 43 3 8581545984 0 8573157376 16 1 12290 4 7 3 8 9 9 7 6 6 7 4 9 1 4 8 3 
182215 66 3 8583643136 0 8578400256 1 1 12291 8005 
229753 40 0 8575254528 3 8579448832 16 1 13380 4 0 5 6 5 8 3 5 6 6 2 8 6 10 4 5 
229786 46 0 8574205952 3 8580497408 1 1 13381 8006 
200632 43 3 8581545984 0 8573157376 16 1 13717 4 7 3 8 9 9 7 6 6 7 4 9 1 4 8 3 
200665 66 3 8583643136 0 8578400256 1 1 13718 8006 
251161 40 0 8575254528 3 8579448832 16 1 14841 4 0 5 6 5 8 3 5 6 6 2 8 6 10 4 5 
251194 46 0 8574205952 3 8580497408 1 1 14842 8007 
219076 43 3 8581545984 0 8573157376 16 1 15163 4 7 3 8 9 9 7 6 6 7 4 9 1 4 8 3 
219109 66 3 8583643136 0 8578400256 1 1 15164 8007 
271933 40 0 8575254528 3 8579448832 16 1 16338 4 0 5 6 5 8 3 5 6 6 2 8 6 10 4 5 
271966 46 0 8574205952 3 8580497408 1 1 16340 8008 
237760 43 3 8581545984 0 8573157376 16 1 16679 4 7 3 8 9 9 7 6 6 7 4 9 1 4 8 3 
237793 66 3 8583643136 0 8578400256 1 1 16680 8008 
292795 40 0 8575254528 3 8579448832 16 1 17753 4 0 5 6 5 8 3 5 6 6 2 8 6 10 4 5 
292828 46 0 8574205952 3 8580497408 1 1 17754 8009 
256654 43 3 8581545984 0 8573157376 16 1 18206 4 7 3 8 9 9 7 6 6 7 4 9 1 4 8 3 
256687 66 3 8583643136 0 8578400256 1 1 18207 8009 
