0 25 6
1 26 3
1 102 5
1 36 4
1 6 6
2 66 4
2 76 8
2 70 3
2 122 7
3 124 8
3 31 7
3 28 7
3 1 5
3 116 9
4 90 3
4 80 1
5 105 8
5 50 3
6 14 3
6 64 1
6 69 8
7 36 2
7 72 6
7 80 9
7 74 7
7 23 2
7 38 2
8 32 1
8 77 2
8 15 8
8 109 6
8 107 3
8 44 3
9 42 3
11 60 8
11 98 3
12 31 7
12 85 8
13 108 6
13 90 5
14 46 7
14 13 9
14 46 2
15 64 7
15 79 1
16 110 5
16 99 7
17 22 4
17 19 1
17 100 1
17 1 3
18 71 2
18 60 5
19 16 9
19 112 1
19 122 3
20 105 7
20 108 8
20 17 1
20 90 2
21 3 7
21 3 5
21 109 3
21 24 8
21 90 2
21 38 5
21 22 6
21 28 4
21 38 4
22 96 7
22 43 4
23 17 3
23 12 1
23 40 3
24 24 9
24 45 1
24 27 4
25 10 8
25 92 2
25 109 7
26 11 9
26 119 5
26 65 2
26 120 3
27 105 5
29 58 2
30 54 6
30 61 7
30 26 2
31 110 9
31 83 4
31 127 9
32 108 2
32 80 9
32 60 4
32 40 4
33 71 7
33 4 1
34 88 7
34 54 4
34 0 6
34 31 3
35 69 6
35 6 2
35 43 7
35 45 8
36 28 6
36 57 5
36 126 8
36 74 1
36 7 6
37 108 8
37 19 2
37 126 1
37 103 9
38 66 4
38 62 3
39 86 7
39 91 6
39 39 8
39 63 4
39 38 7
39 28 8
39 79 7
39 62 4
40 119 7
41 44 7
41 37 7
41 85 4
41 31 2
42 71 7
42 7 3
42 80 2
42 37 8
42 81 5
42 38 1
42 39 3
42 119 6
42 105 7
43 22 7
43 109 8
44 21 6
44 127 5
44 31 2
45 50 3
45 82 9
45 99 6
45 118 8
46 96 9
46 13 8
47 121 2
47 80 7
47 63 4
47 105 3
48 102 5
48 86 1
48 54 1
49 70 2
50 106 9
50 124 8
50 122 2
50 76 1
51 57 5
51 2 4
51 77 7
52 104 8
52 62 6
52 47 6
53 102 4
53 14 6
53 73 3
54 92 1
54 57 4
54 96 6
55 106 1
56 27 7
56 32 9
57 70 6
57 98 7
58 73 9
58 90 4
59 34 3
59 116 6
60 9 3
60 70 3
61 116 7
61 116 7
61 35 2
61 39 4
61 14 6
62 11 3
62 94 5
63 80 1
63 66 5
64 87 6
64 38 3
64 65 7
64 104 1
65 58 1
66 111 7
66 125 3
66 32 9
67 101 5
67 112 7
67 80 7
67 52 3
68 29 3
68 7 2
69 13 7
69 18 9
69 89 3
69 18 4
69 109 3
69 93 8
69 33 4
70 69 9
70 4 7
70 45 2
70 2 4
71 22 8
72 121 3
72 5 4
72 73 2
72 55 3
73 40 3
73 20 5
73 100 8
73 121 7
73 37 8
74 27 4
74 34 2
74 126 2
75 10 6
75 36 4
77 104 1
77 23 7
77 57 7
77 78 8
78 6 5
78 126 9
79 10 8
80 51 5
80 95 4
80 18 6
80 79 4
80 24 4
80 70 6
81 14 8
81 113 8
82 104 2
82 34 3
82 28 3
82 13 8
83 58 6
83 4 6
84 111 5
84 34 8
84 37 6
84 48 1
85 93 9
85 4 7
86 36 4
86 38 4
86 119 4
88 15 5
88 85 2
88 92 2
88 127 9
88 13 6
89 126 9
89 73 9
90 32 7
90 6 1
90 12 2
90 121 5
91 49 8
91 46 1
92 46 5
92 63 9
92 99 7
92 12 3
92 40 1
93 108 3
93 35 6
93 106 2
93 5 5
94 50 3
94 3 3
94 68 2
95 82 5
95 8 9
96 121 5
96 75 9
96 83 5
96 103 5
97 28 8
97 93 8
97 85 2
97 68 9
98 18 7
98 73 6
99 87 3
99 109 9
99 25 5
99 57 3
100 101 6
101 9 1
101 15 3
101 120 9
102 104 6
102 125 5
102 31 9
102 95 4
102 80 7
102 68 5
102 15 2
103 57 9
103 12 2
103 87 3
104 42 7
105 81 8
105 80 9
105 50 8
105 43 3
105 111 6
106 118 7
107 60 7
107 95 1
107 53 4
108 16 3
108 5 5
108 95 2
109 126 4
110 126 7
110 94 8
110 97 7
110 26 3
111 69 6
111 53 2
111 49 3
111 89 3
111 10 2
112 109 1
112 121 2
112 26 4
112 33 9
113 23 6
113 116 6
114 19 6
114 48 2
114 61 3
114 122 5
115 91 8
115 69 9
115 61 8
115 105 2
116 57 3
116 19 1
116 114 2
117 20 2
117 62 7
117 10 8
117 82 9
117 124 8
118 94 5
118 117 2
118 46 5
118 122 7
118 34 5
118 39 9
119 113 7
119 98 9
119 82 9
120 119 2
120 35 3
120 14 9
120 9 4
121 55 7
121 88 1
121 29 6
122 111 4
122 82 4
122 1 2
122 26 5
123 112 9
123 103 3
124 41 4
124 26 4
124 111 7
124 88 1
124 127 1
126 83 7
126 85 1
127 24 2
127 80 2
127 41 6
127 32 5
127 18 5
127 109 1
127 58 9
