0 16 1
0 30 8
1 11 4
1 23 6
1 24 6
1 25 9
1 22 1
1 26 7
1 31 6
2 17 5
2 23 4
2 22 4
2 20 7
2 15 9
2 3 2
2 16 3
4 15 2
4 10 7
4 9 8
4 13 1
5 17 5
5 11 2
5 29 2
6 17 4
6 7 7
6 24 7
6 25 9
6 14 3
7 0 3
7 18 7
8 15 2
9 4 8
9 15 2
9 18 9
10 14 1
10 0 7
11 30 7
11 13 4
11 22 9
12 15 1
12 29 2
12 2 1
12 29 2
12 19 6
13 19 4
13 9 3
14 25 1
14 30 3
14 22 8
15 16 5
15 2 5
15 0 1
16 15 3
18 8 7
18 5 6
18 15 8
18 14 5
19 17 8
19 16 1
19 31 6
19 21 4
20 10 1
21 4 6
21 5 6
21 28 1
23 16 7
23 22 2
23 11 4
23 17 4
23 28 6
24 15 1
24 4 1
24 23 5
24 16 8
25 23 2
25 14 8
25 8 9
25 16 1
25 20 4
25 5 6
26 7 2
27 4 7
27 10 1
27 1 2
28 4 5
29 5 9
29 19 6
29 27 7
29 29 9
30 13 1
30 24 1
30 30 2
30 25 6
30 4 8
30 30 5
30 13 1
30 22 5
31 28 3
31 22 1
31 30 7
