1  3   1  2   0  1   1
1  2   0  2   42  2   1
0  2   1  2   258  3   5
0  2   1  2   263  4   5
1  2   1  3   314  5   5
1  3   0  2   386  7   1
0  2   1  3   612  8   5
0  2   1  3   617  9   5
1  3   1  2   686  11   1
1  2   0  2   728  12   1
0  2   1  2   944  13   5
0  2   1  2   949  14   5
1  2   1  3   1000  15   5
1  0   1  2   1008  17   1
1  1   1  2   1008  18   1
1  3   1  0   1036  20   1
1  3   1  0   1044  22   1
1  2   1  1   1044  23   5
1  2   1  3   1048  24   1
1  2   0  2   1060  25   1
1  3   0  2   1070  26   1
1  1   1  3   1082  27   1
1  1   1  0   1084  28   1
1  3   0  2   1108  29   1
0  2   1  2   1288  30   5
0  2   1  2   1293  31   5
0  2   1  3   1296  32   5
0  2   1  3   1301  33   5
0  2   1  3   1334  34   5
1  2   1  0   1344  35   5
0  2   1  3   1360  36   5
1  0   1  3   1380  37   1
1  0   1  3   1382  38   1
1  0   1  3   1388  40   1
1  0   1  1   1394  41   1
1  3   1  2   1410  42   5
1  1   1  3   1425  43   1
1  3   1  1   1440  44   5
1  3   0  2   1442  45   1
1  3   1  2   1444  46   1
1  2   1  0   1446  48   1
1  2   1  0   1446  49   1
1  3   1  2   1448  50   1
1  2   1  0   1450  52   1
1  3   1  0   1452  53   1
1  3   0  2   1472  54   1
1  3   0  2   1474  55   1
1  3   0  2   1478  56   1
1  1   1  0   1481  57   1
1  1   1  2   1482  58   1
1  1   1  0   1483  59   1
1  2   0  2   1510  60   1
1  2   0  2   1516  61   1
1  2   0  2   1522  62   1
1  0   0  1   1533  63   1
1  0   0  1   1551  64   1
0  2   1  3   1688  65   5
0  2   1  3   1693  66   5
0  2   1  3   1712  67   5
0  2   1  3   1718  68   5
0  2   1  3   1724  69   5
0  2   1  2   1728  70   5
0  2   1  2   1733  71   5
0  2   1  2   1734  72   5
0  2   1  3   1738  73   5
0  2   1  2   1739  74   5
0  2   1  2   1740  75   5
0  2   1  2   1745  76   5
0  2   1  3   1748  77   5
0  2   1  3   1749  78   5
0  1   1  0   1759  79   5
1  3   1  0   1762  80   5
0  1   1  0   1764  81   5
1  0   1  2   1766  82   1
0  1   1  0   1777  83   5
0  1   1  0   1782  84   5
1  3   1  1   1784  85   5
1  0   1  2   1806  88   1
1  2   1  3   1812  89   5
1  2   1  3   1814  90   1
1  2   1  3   1834  92   5
1  3   1  1   1852  94   1
1  0   1  2   1857  95   5
1  2   0  2   1858  96   1
1  0   1  2   1872  99   1
1  0   1  1   1872  100   1
1  3   1  1   1876  101   1
1  0   1  1   1887  102   5
1  0   1  3   1887  103   5
1  1   0  1   1888  104   1
1  2   1  1   1890  105   5
1  1   1  3   1899  106   1
1  2   1  0   1910  107   1
1  2   1  0   1914  108   1
1  1   1  0   1917  109   1
1  3   1  2   1946  110   5
1  1   1  0   1954  111   1
1  0   0  1   1968  112   1
1  0   0  1   1980  113   1
0  2   1  2   2078  114   5
0  2   1  2   2083  115   5
0  1   1  1   2099  116   5
0  1   1  1   2104  117   5
1  2   1  0   2134  118   5
1  1   1  3   2139  119   5
1  3   1  1   2180  120   1
0  1   1  0   2200  122   5
0  1   1  0   2205  123   5
0  1   1  0   2209  124   5
0  1   1  0   2214  125   5
1  1   0  1   2216  126   1
1  0   1  2   2298  127   1
1  0   1  1   2298  128   5
1  0   1  2   2313  129   5
1  2   1  3   2352  131   1
1  3   1  2   2366  132   1
1  2   1  0   2414  134   1
0  1   1  1   2427  135   5
0  1   1  1   2432  136   5
1  1   1  3   2467  137   5
1  3   1  0   2512  138   1
1  0   0  1   2583  139   1
1  0   1  2   2604  141   1
1  2   0  2   2656  142   1
1  0   1  2   2732  143   1
1  2   0  2   2784  145   1
0  1   1  0   2809  146   5
0  1   1  0   2814  147   5
0  2   1  2   2872  148   5
0  2   1  2   2877  149   5
1  0   1  3   2892  150   5
1  0   1  1   2903  151   1
1  2   1  0   2928  152   5
1  1   1  2   2943  153   1
1  3   1  2   2964  154   1
1  2   1  1   2980  155   5
1  0   1  3   2994  157   1
0  2   1  2   3000  158   5
1  2   1  3   3006  159   5
0  2   1  2   3006  160   5
1  1   1  0   3011  161   1
1  3   1  0   3042  162   1
1  3   0  2   3068  164   1
1  2   1  1   3074  165   1
1  2   1  3   3076  166   1
1  2   1  0   3076  167   1
1  1   0  1   3100  168   1
1  3   0  2   3122  169   1
0  2   1  3   3294  170   5
0  2   1  3   3299  172   5
1  0   1  2   3300  173   1
1  0   1  1   3300  174   1
0  1   1  1   3311  175   5
0  1   1  1   3316  176   5
1  0   1  1   3320  177   1
1  1   0  1   3340  178   1
1  1   1  2   3342  179   1
0  2   1  3   3348  180   5
1  1   1  2   3351  181   5
1  2   0  2   3352  182   1
1  3   1  0   3354  183   5
0  2   1  3   3355  184   5
1  0   1  3   3371  185   1
1  3   1  2   3408  188   5
1  3   1  1   3410  189   1
1  2   1  1   3412  190   5
1  1   1  3   3452  193   1
1  1   1  0   3452  194   1
1  0   0  1   3462  195   1
1  1   0  1   3466  197   1
1  3   0  2   3498  198   1
0  1   1  1   3551  199   5
0  1   1  1   3556  200   5
0  2   1  2   3568  201   5
0  2   1  2   3573  202   5
1  1   1  0   3591  203   5
1  2   1  0   3624  204   5
1  0   1  2   3674  205   1
0  1   1  1   3677  206   5
0  1   1  1   3682  207   5
0  1   1  0   3688  208   5
0  1   1  0   3693  209   5
1  2   1  3   3696  210   1
1  1   1  3   3717  211   5
0  2   1  3   3724  212   5
1  3   0  2   3738  213   1
0  2   1  3   3738  214   5
1  3   1  2   3762  215   1
1  0   1  3   3786  217   1
1  3   1  1   3788  218   5
1  2   1  3   3804  219   5
1  3   0  2   3866  222   1
1  3   1  2   3878  223   1
1  2   1  0   3920  224   1
1  0   1  2   3938  225   1
0  2   1  3   3964  226   5
0  2   1  3   3969  227   5
1  0   1  1   3976  228   1
1  2   1  3   3988  229   5
1  1   1  3   3993  230   1
1  3   1  2   4024  231   5
1  3   1  2   4046  232   1
1  3   1  1   4048  234   1
1  3   1  2   4050  235   1
1  2   1  0   4060  236   1
1  2   1  3   4074  239   1
1  2   0  2   4088  241   1
1  3   1  0   4090  242   1
1  1   0  1   4090  243   1
0  2   1  3   4092  245   5
1  2   1  1   4102  247   1
1  2   1  3   4104  248   1
1  3   1  1   4116  249   5
0  2   1  3   4116  250   5
1  1   1  2   4117  251   1
1  0   0  1   4122  252   1
1  2   0  2   4128  253   1
1  3   1  2   4152  254   5
1  1   1  2   4158  257   1
1  0   1  3   4161  258   5
1  1   1  2   4162  259   1
1  3   1  0   4166  260   5
1  1   0  1   4173  261   1
1  2   1  3   4188  262   1
1  2   1  1   4194  263   5
1  2   1  1   4230  267   5
1  1   1  2   4240  268   1
1  1   1  3   4243  269   1
1  1   1  2   4261  272   1
1  2   0  2   4276  273   1
1  3   1  2   4276  274   5
1  3   1  1   4290  275   5
0  1   1  1   4301  278   5
0  2   1  2   4305  279   5
0  1   1  1   4306  280   5
1  2   1  1   4330  281   1
0  2   1  2   4330  282   5
1  1   1  3   4340  283   1
1  1   1  3   4341  284   5
0  2   1  2   4344  285   5
0  1   1  0   4348  286   5
0  1   1  0   4353  287   5
0  2   1  2   4374  288   5
1  2   1  3   4375  289   5
0  1   1  1   4384  290   5
1  3   1  1   4386  291   5
1  3   1  1   4388  292   1
0  1   1  1   4389  293   5
1  3   1  1   4392  295   1
1  2   1  1   4400  296   1
1  0   1  2   4431  298   5
1  1   1  2   4442  299   5
1  1   0  1   4446  300   1
1  1   0  1   4452  301   1
1  2   1  1   4464  302   1
1  1   1  3   4490  303   1
0  2   1  2   4492  304   5
0  2   1  2   4497  305   5
1  3   1  1   4508  306   1
1  0   1  2   4533  308   1
1  1   1  2   4544  309   5
1  2   1  1   4548  310   5
1  2   1  0   4570  311   1
1  2   0  2   4590  313   1
1  1   1  0   4628  317   1
1  0   1  2   4632  318   5
0  1   1  1   4664  319   5
0  1   1  1   4667  320   5
0  1   1  1   4669  321   5
0  1   1  1   4672  322   5
1  0   1  1   4680  323   5
1  1   1  3   4704  325   5
1  1   1  3   4715  326   5
1  1   1  2   4734  328   1
1  2   1  1   4736  329   1
1  3   1  0   4746  330   1
1  1   1  3   4762  331   1
1  3   1  1   4780  332   1
1  2   1  1   4784  333   5
0  2   1  2   4806  334   5
0  2   1  2   4811  335   5
1  1   1  2   4830  337   5
1  1   1  2   4840  339   1
1  2   1  1   4878  341   5
1  2   1  0   4878  342   5
1  2   1  3   4890  344   1
1  1   1  3   4908  345   1
1  0   1  1   4944  346   1
1  3   1  1   4954  347   5
1  3   1  2   4964  348   5
1  1   0  1   4975  349   1
1  1   1  2   4998  350   1
1  2   1  1   5034  352   5
1  0   1  3   5075  354   1
1  2   1  3   5076  356   1
1  2   1  1   5078  357   1
1  1   1  2   5081  358   1
1  1   1  3   5081  359   1
1  1   0  1   5097  361   1
1  2   0  2   5106  362   1
1  1   0  1   5108  363   1
1  2   0  2   5118  364   1
1  3   1  2   5118  365   5
1  3   1  1   5130  366   5
1  3   1  2   5132  368   1
1  2   1  0   5160  369   1
1  3   0  2   5162  370   1
1  1   1  0   5185  371   1
0  1   1  1   5186  372   5
0  1   1  1   5191  373   5
1  2   0  2   5204  374   1
1  1   1  0   5226  375   5
1  0   1  2   5232  376   5
1  0   1  1   5238  377   5
1  0   1  2   5259  378   1
1  0   1  3   5259  379   1
1  0   1  2   5262  381   1
1  0   0  1   5307  382   1
0  1   1  1   5308  383   5
0  1   1  1   5313  384   5
0  1   1  1   5319  385   5
0  2   1  2   5323  386   5
0  2   1  2   5334  387   5
0  1   1  1   5337  388   5
1  2   0  2   5350  390   1
0  2   1  2   5350  391   5
0  2   1  2   5351  392   5
1  2   0  2   5368  395   1
1  3   0  2   5368  396   1
1  1   1  3   5372  398   1
1  1   1  2   5372  399   5
1  1   1  2   5376  400   1
1  3   1  1   5390  401   1
0  2   1  3   5394  402   5
0  2   1  3   5399  404   5
1  2   1  1   5402  405   1
1  2   1  1   5406  406   1
1  2   1  1   5406  407   5
0  2   1  2   5420  408   5
1  2   0  2   5424  409   1
0  2   1  2   5425  410   5
1  1   1  2   5430  412   1
1  1   1  2   5430  413   5
1  1   1  2   5436  414   5
1  2   1  3   5458  416   1
1  2   1  1   5466  418   5
1  2   1  1   5494  419   1
1  1   1  2   5507  422   1
1  3   1  2   5532  423   5
1  2   1  3   5546  425   5
0  1   1  0   5551  426   5
0  1   1  0   5556  427   5
0  2   1  2   5566  428   5
0  2   1  2   5571  429   5
0  2   1  2   5584  431   5
1  3   1  2   5594  432   1
0  2   1  3   5594  433   5
0  2   1  3   5599  434   5
1  2   0  2   5610  435   1
0  2   1  2   5611  436   5
1  2   1  0   5636  438   5
1  2   1  0   5637  439   5
0  2   1  2   5654  440   5
1  3   1  0   5660  441   5
0  2   1  2   5666  442   5
1  0   1  2   5706  443   1
1  2   1  1   5710  444   5
1  0   1  1   5712  445   1
1  1   0  1   5746  446   1
1  1   1  2   5750  447   1
1  2   0  2   5758  448   1
0  2   1  2   5826  449   5
0  2   1  2   5831  450   5
1  2   1  1   5912  452   5
1  2   1  3   5912  453   5
0  1   1  1   5957  454   5
0  1   1  1   5962  455   5
0  2   1  2   5974  456   5
0  2   1  2   5979  457   5
1  1   1  0   5997  458   5
1  0   1  2   6027  459   1
1  2   1  0   6030  460   5
1  1   1  3   6038  461   1
1  2   1  3   6048  462   1
1  0   1  1   6066  463   1
1  2   0  2   6080  464   1
1  3   0  2   6084  465   1
1  1   0  1   6097  466   1
0  2   1  2   6296  468   5
0  2   1  2   6301  469   5
0  1   1  1   6308  470   5
0  2   1  3   6310  471   5
0  1   1  1   6313  472   5
0  2   1  3   6315  473   5
1  1   1  0   6348  474   5
1  2   1  0   6352  475   5
1  3   1  1   6378  476   5
1  0   1  3   6390  477   1
1  3   1  2   6408  479   5
1  3   1  0   6424  480   1
1  1   1  0   6426  481   1
1  2   1  0   6452  482   1
1  3   0  2   6452  483   1
1  0   0  1   6477  484   1
0  2   1  3   6678  485   5
0  2   1  3   6683  486   5
0  1   1  0   6703  487   5
0  1   1  0   6708  488   5
1  3   1  0   6738  489   5
1  0   1  1   6786  490   5
1  0   1  1   6807  494   1
1  0   1  2   6831  495   5
1  0   1  3   6831  496   5
1  0   0  1   6840  498   1
1  0   0  1   6846  499   1
1  1   0  1   6848  500   1
1  1   0  1   6850  501   1
1  0   0  1   6852  502   1
1  2   1  1   6886  503   1
1  3   1  0   6926  504   1
1  3   1  1   6926  505   1
0  1   1  1   7059  506   5
0  1   1  1   7062  507   5
0  1   1  1   7064  508   5
0  1   1  1   7067  509   5
1  1   1  0   7110  511   5
1  1   1  2   7116  512   1
0  1   1  0   7123  513   5
1  1   1  3   7125  514   5
1  1   1  2   7125  515   5
0  1   1  0   7128  516   5
0  1   1  0   7132  517   5
0  1   1  0   7137  518   5
0  1   1  0   7141  519   5
0  1   1  0   7146  520   5
1  2   0  2   7158  521   1
1  3   1  1   7178  522   1
1  1   0  1   7214  524   1
1  0   1  1   7263  527   1
1  0   1  2   7263  528   1
1  0   1  3   7267  530   1
1  1   0  1   7294  531   1
1  3   1  2   7314  532   1
1  2   0  2   7324  533   1
1  2   1  3   7356  534   5
0  2   1  2   7374  535   5
0  2   1  2   7379  536   5
0  1   1  1   7425  537   5
0  1   1  1   7430  538   5
1  2   1  1   7430  539   5
1  1   1  3   7465  541   5
1  1   1  0   7470  542   1
1  2   1  0   7480  543   1
0  1   1  1   7505  544   5
0  1   1  1   7510  545   5
1  3   1  2   7514  546   1
1  0   0  1   7527  547   1
0  2   1  2   7540  548   5
1  1   1  0   7545  549   5
1  2   1  3   7556  550   5
0  2   1  2   7556  551   5
1  2   1  0   7600  554   5
1  3   0  2   7626  555   1
1  0   1  3   7644  557   1
1  3   0  2   7706  558   1
0  1   1  0   7753  559   5
0  1   1  0   7758  560   5
1  0   1  1   7836  561   5
0  2   1  3   7852  562   5
0  2   1  3   7857  563   5
1  0   1  2   7881  565   5
1  1   0  1   7896  566   1
1  3   1  0   7920  568   1
1  2   1  1   7932  569   1
0  2   1  3   7932  570   5
0  2   1  3   7937  571   5
1  0   0  1   7992  572   1
1  3   1  0   7992  573   5
1  0   1  2   8052  576   1
1  0   0  1   8091  577   1
1  0   0  1   8097  578   1
1  2   0  2   8104  579   1
0  1   1  1   8107  580   5
0  1   1  1   8112  581   5
1  1   1  2   8151  583   1
1  1   1  0   8152  584   1
1  1   1  2   8162  585   5
1  2   1  0   8184  587   1
1  2   0  2   8188  588   1
1  0   0  1   8205  589   1
0  1   1  0   8218  590   5
0  1   1  0   8247  591   5
1  0   1  3   8316  592   5
0  1   1  0   8317  593   5
0  2   1  2   8321  594   5
0  1   1  0   8322  595   5
0  1   1  0   8326  596   5
0  2   1  2   8326  597   5
0  1   1  0   8331  598   5
1  2   1  0   8376  599   5
0  2   1  2   8406  601   5
0  2   1  2   8411  602   5
1  3   0  2   8420  604   1
0  1   1  0   8431  606   5
0  1   1  0   8436  608   5
1  2   1  1   8462  609   5
1  0   0  1   8481  610   1
1  1   1  0   8498  612   1
1  1   1  3   8501  613   1
1  0   1  2   8501  614   5
1  2   1  0   8508  615   1
1  2   1  3   8514  616   1
1  0   1  2   8514  617   1
1  0   1  3   8550  619   1
1  2   1  0   8556  620   1
1  2   1  1   8580  621   1
1  3   1  0   8584  622   1
1  1   1  2   8593  623   5
1  0   1  1   8619  624   5
0  2   1  3   8646  626   5
0  2   1  3   8651  627   5
1  0   1  1   8655  628   1
1  0   1  1   8657  629   1
1  1   1  0   8682  630   5
1  3   1  1   8698  631   5
1  3   1  1   8698  632   1
0  1   1  0   8707  633   5
1  1   1  3   8743  634   1
1  0   1  2   8745  635   1
0  1   1  0   8745  636   5
1  3   1  2   8790  637   5
1  0   1  1   8856  641   1
1  1   0  1   8887  642   1
0  1   1  1   9098  643   5
0  1   1  1   9103  644   5
1  1   1  0   9138  645   5
1  0   1  3   9162  647   1
1  0   1  1   9171  648   1
1  1   0  1   9202  649   1
1  3   0  2   9224  650   1
0  1   1  1   9413  651   5
0  1   1  1   9418  652   5
0  2   1  3   9450  653   5
1  1   1  0   9453  654   5
0  2   1  3   9455  655   5
1  3   1  0   9510  656   5
1  0   1  2   9618  657   1
1  2   0  2   9670  658   1
1  3   1  0   9818  659   1
1  3   1  0   9822  660   1
0  2   1  2   9886  661   5
1  0   1  3   9891  662   5
0  2   1  2   9891  663   5
1  0   1  2   9897  664   1
1  2   1  0   9942  665   5
1  2   1  0   9948  666   5
1  0   1  3   9987  667   1
1  0   1  3   10041  668   5
1  3   0  2   10048  669   1
0  2   1  3   10274  670   5
0  2   1  3   10279  671   5
1  3   1  0   10334  672   5
1  0   1  1   10422  674   1
1  1   0  1   10453  675   1
1  0   0  1   10461  676   1
0  1   1  1   10664  677   5
0  1   1  1   10669  678   5
0  1   1  0   10687  679   5
0  1   1  0   10692  680   5
1  1   1  0   10704  681   5
1  0   1  2   10785  683   1
1  2   0  2   10836  684   1
0  2   1  2   11052  685   5
0  2   1  2   11057  686   5
1  2   1  0   11108  687   5
1  0   0  1   11196  689   1
0  1   1  0   11422  690   5
0  1   1  0   11427  691   5
1  0   1  3   11520  693   1
1  0   1  1   11523  694   1
1  1   0  1   11560  695   1
1  3   0  2   11582  696   1
0  1   1  1   11771  697   5
0  1   1  1   11776  698   5
0  2   1  3   11808  699   5
1  1   1  0   11811  700   5
0  2   1  3   11813  701   5
1  0   1  1   11841  702   1
1  0   1  3   11841  703   1
1  0   1  2   11865  704   1
1  3   1  0   11868  705   5
1  1   1  0   11872  706   5
1  3   0  2   11912  707   1
1  2   0  2   11916  708   1
0  2   1  2   12132  709   5
0  2   1  2   12137  710   5
0  2   1  3   12138  711   5
0  2   1  3   12143  712   5
1  2   1  0   12188  713   5
1  3   1  0   12214  714   5
1  0   1  3   12225  715   1
1  3   0  2   12286  716   1
0  2   1  3   12512  717   5
0  2   1  3   12517  718   5
1  3   1  0   12572  719   5
1  0   0  1   13062  721   1
0  1   1  0   13288  722   5
0  1   1  0   13293  723   5
1  0   1  3   13386  725   1
1  0   1  2   13386  726   1
1  0   1  1   13386  727   1
1  1   0  1   13435  728   1
1  2   0  2   13446  729   1
1  3   0  2   13448  730   1
0  1   1  1   13646  731   5
0  1   1  1   13651  732   5
0  2   1  2   13662  733   5
0  2   1  2   13667  734   5
0  2   1  3   13674  735   5
0  2   1  3   13679  736   5
1  1   1  0   13686  737   5
1  2   1  0   13718  738   5
1  0   1  2   13719  739   1
1  3   1  0   13744  740   5
1  2   0  2   13770  741   1
1  0   1  2   13776  742   1
1  2   0  2   13828  743   1
0  2   1  2   13986  744   5
0  2   1  2   13991  745   5
1  2   1  0   14042  746   5
0  2   1  2   14044  747   5
0  2   1  2   14049  748   5
1  2   1  0   14100  749   5
1  0   0  1   14187  751   1
0  1   1  0   14413  752   5
0  1   1  0   14418  753   5
1  0   1  1   14505  755   1
1  0   1  3   14514  756   1
1  1   0  1   14536  757   1
1  3   0  2   14576  758   1
0  1   1  1   14747  759   5
0  1   1  1   14752  760   5
1  1   1  0   14787  761   5
0  2   1  3   14802  762   5
0  2   1  3   14807  763   5
1  3   1  0   14862  764   5
1  0   1  2   14928  765   1
1  2   0  2   14980  766   1
0  2   1  2   15196  767   5
0  2   1  2   15201  768   5
1  2   1  0   15252  769   5
1  0   1  2   15285  770   1
1  2   0  2   15336  771   1
0  2   1  2   15552  772   5
0  2   1  2   15557  773   5
1  2   1  0   15608  774   5
1  0   0  1   15696  776   1
0  1   1  0   15922  777   5
0  1   1  0   15927  778   5
1  0   1  2   16023  780   1
1  2   0  2   16074  781   1
0  2   1  2   16290  782   5
0  2   1  2   16295  783   5
1  2   1  0   16346  784   5
1  0   1  3   16389  785   1
1  3   0  2   16450  786   1
0  2   1  3   16676  787   5
0  2   1  3   16681  788   5
1  3   1  0   16736  789   5
1  0   1  2   16809  791   1
1  0   0  1   16848  792   1
1  2   0  2   16860  793   1
0  1   1  0   17074  794   5
0  2   1  2   17078  795   5
0  1   1  0   17079  796   5
0  2   1  2   17083  797   5
1  2   1  0   17134  798   5
1  0   1  1   17196  800   1
1  1   0  1   17227  801   1
0  1   1  1   17438  802   5
0  1   1  1   17443  803   5
1  1   1  0   17478  804   5
1  0   1  3   17841  805   1
1  3   0  2   17902  806   1
0  2   1  3   18128  807   5
0  2   1  3   18133  808   5
1  3   1  0   18188  809   5
1  0   1  2   18243  810   1
1  2   0  2   18294  812   1
1  0   0  1   18312  813   1
0  2   1  2   18510  814   5
0  2   1  2   18515  815   5
0  1   1  0   18538  816   5
0  1   1  0   18543  817   5
1  2   1  0   18566  818   5
1  0   1  1   18645  820   1
1  1   0  1   18676  821   1
0  1   1  1   18887  822   5
0  1   1  1   18892  823   5
1  1   1  0   18927  824   5
1  0   0  1   19002  826   1
0  1   1  0   19228  827   5
0  1   1  0   19233  828   5
1  0   1  3   19323  830   1
1  3   0  2   19384  831   1
0  2   1  3   19610  832   5
0  2   1  3   19615  833   5
1  3   1  0   19670  834   5
1  0   0  1   19761  836   1
0  1   1  0   19987  837   5
0  1   1  0   19992  838   5
1  0   1  1   20127  840   1
1  1   0  1   20158  841   1
0  1   1  1   20369  842   5
0  1   1  1   20374  843   5
1  1   1  0   20409  844   5
1  0   1  3   20445  845   1
1  3   0  2   20506  846   1
0  2   1  3   20732  847   5
0  2   1  3   20737  848   5
1  3   1  0   20792  849   5
1  0   0  1   20886  852   1
0  1   1  0   21112  853   5
0  1   1  0   21117  854   5
1  0   0  1   21243  858   1
1  0   1  2   21249  859   1
1  2   0  2   21304  860   1
0  1   1  0   21469  861   5
0  1   1  0   21474  862   5
0  2   1  2   21520  863   5
0  2   1  2   21525  864   5
1  2   1  0   21576  866   5
1  0   1  3   21630  867   1
1  3   0  2   21692  868   1
0  2   1  3   21918  869   5
0  2   1  3   21923  870   5
1  3   1  0   21978  871   5
1  0   1  2   22044  872   1
1  2   0  2   22096  873   1
0  2   1  2   22312  874   5
0  2   1  2   22317  875   5
1  2   1  0   22368  876   5
1  0   1  3   22419  877   1
1  3   0  2   22480  878   1
0  2   1  3   22706  879   5
0  2   1  3   22711  880   5
1  3   1  0   22766  881   5
1  0   1  1   22830  882   1
1  1   0  1   22861  883   1
0  1   1  1   23072  884   5
0  1   1  1   23077  885   5
1  1   1  0   23112  886   5
1  0   1  2   23139  887   1
1  2   0  2   23190  888   1
0  2   1  2   23406  889   5
0  2   1  2   23411  890   5
1  2   1  0   23462  891   5
1  0   1  3   23523  892   1
1  3   0  2   23584  893   1
0  2   1  3   23810  894   5
0  2   1  3   23815  895   5
1  3   1  0   23870  896   5
1  0   0  1   23973  898   1
0  1   1  0   24199  899   5
0  1   1  0   24204  900   5
1  0   1  3   24297  902   1
1  0   1  1   24303  903   1
1  1   0  1   24337  904   1
1  3   0  2   24358  905   1
0  1   1  1   24548  906   5
0  1   1  1   24553  907   5
0  2   1  3   24584  908   5
1  1   1  0   24588  909   5
0  2   1  3   24589  910   5
1  0   1  2   24627  911   1
1  3   1  0   24644  912   5
1  2   0  2   24678  913   1
0  2   1  2   24894  914   5
0  2   1  2   24899  915   5
1  2   1  0   24950  916   5
1  0   1  1   25014  917   1
1  1   0  1   25045  918   1
0  1   1  1   25256  919   5
0  1   1  1   25261  920   5
1  1   1  0   25296  921   5
1  0   1  2   25320  922   1
1  2   0  2   25372  923   1
0  2   1  2   25588  924   5
0  2   1  2   25593  925   5
1  2   1  0   25644  926   5
1  0   1  3   25704  927   1
1  3   0  2   25766  928   1
0  2   1  3   25992  929   5
0  2   1  3   25997  930   5
1  3   1  0   26052  931   5
1  0   1  2   26118  932   1
1  2   0  2   26170  933   1
0  2   1  2   26386  934   5
0  2   1  2   26391  935   5
1  2   1  0   26442  936   5
1  0   1  3   26493  937   1
1  3   0  2   26554  938   1
0  2   1  3   26780  939   5
0  2   1  3   26785  940   5
1  3   1  0   26840  941   5
1  0   0  1   26949  943   1
0  1   1  0   27175  944   5
0  1   1  0   27180  945   5
1  0   1  3   27276  947   1
1  3   0  2   27338  948   1
0  2   1  3   27564  949   5
0  2   1  3   27569  950   5
1  3   1  0   27624  951   5
1  0   1  1   27678  952   1
1  1   0  1   27709  953   1
0  1   1  1   27920  954   5
0  1   1  1   27925  955   5
1  1   1  0   27960  956   5
1  0   1  3   27996  957   1
1  0   1  2   27996  958   1
1  2   0  2   28056  959   1
1  3   0  2   28058  960   1
0  2   1  2   28272  961   5
0  2   1  2   28277  962   5
0  2   1  3   28284  963   5
0  2   1  3   28289  964   5
1  2   1  0   28328  965   5
1  3   1  0   28354  966   5
1  0   1  3   28374  967   1
1  3   0  2   28436  968   1
0  2   1  3   28662  969   5
0  2   1  3   28667  970   5
1  3   1  0   28722  971   5
1  0   1  1   28797  973   1
1  0   0  1   28821  974   1
1  1   0  1   28828  975   1
0  1   1  1   29039  976   5
0  1   1  1   29044  977   5
0  1   1  0   29047  978   5
0  1   1  0   29052  979   5
1  1   1  0   29079  980   5
1  0   1  2   29130  981   1
1  2   0  2   29182  983   1
0  2   1  2   29398  984   5
0  2   1  2   29403  985   5
1  2   1  0   29454  986   5
1  0   1  3   29538  987   1
1  3   0  2   29600  988   1
0  2   1  3   29826  989   5
0  2   1  3   29831  990   5
1  3   1  0   29886  991   5
1  0   0  1   29988  993   1
0  1   1  0   30214  994   5
0  1   1  0   30219  995   5
1  0   1  1   30330  997   1
1  1   0  1   30361  998   1
0  1   1  1   30572  999   5
0  1   1  1   30577  1000   5
1  1   1  0   30612  1001   5
1  0   1  2   30660  1002   1
1  2   0  2   30712  1003   1
0  2   1  2   30928  1004   5
0  2   1  2   30933  1005   5
1  2   1  0   30984  1006   5
1  0   0  1   31077  1008   1
0  1   1  0   31303  1009   5
0  1   1  0   31308  1010   5
1  0   1  2   31410  1012   1
1  2   0  2   31462  1013   1
0  2   1  2   31678  1014   5
0  2   1  2   31683  1015   5
1  2   1  0   31734  1016   5
1  0   0  1   31833  1018   1
0  1   1  0   32059  1019   5
0  1   1  0   32064  1020   5
1  0   1  1   32160  1022   1
1  1   0  1   32191  1023   1
0  1   1  1   32402  1024   5
0  1   1  1   32407  1025   5
1  1   1  0   32442  1026   5
1  0   0  1   32508  1028   1
0  1   1  0   32734  1029   5
0  1   1  0   32739  1030   5
1  0   1  1   32844  1033   1
1  1   0  1   32875  1034   1
1  0   0  1   32880  1035   1
0  1   1  1   33086  1036   5
0  1   1  1   33091  1037   5
0  1   1  0   33106  1038   5
0  1   1  0   33111  1039   5
1  1   1  0   33126  1040   5
1  0   1  2   33339  1042   1
1  2   0  2   33390  1043   1
0  2   1  2   33606  1044   5
0  2   1  2   33611  1045   5
1  2   1  0   33662  1046   5
1  0   1  3   33717  1047   1
1  3   0  2   33778  1048   1
0  2   1  3   34004  1049   5
0  2   1  3   34009  1050   5
1  3   1  0   34064  1051   5
1  0   0  1   34158  1053   1
0  1   1  0   34384  1054   5
0  1   1  0   34389  1055   5
1  0   1  1   34956  1057   1
1  1   0  1   34987  1058   1
0  1   1  1   35198  1059   5
0  1   1  1   35203  1060   5
1  1   1  0   35238  1061   5
1  0   1  1   35604  1062   1
1  1   0  1   35635  1063   1
0  1   1  1   35846  1064   5
0  1   1  1   35851  1065   5
1  1   1  0   35886  1066   5
1  0   1  1   35928  1067   1
1  1   0  1   35959  1068   1
0  1   1  1   36170  1069   5
0  1   1  1   36175  1070   5
1  1   1  0   36210  1071   5
1  0   1  3   36252  1072   1
1  3   0  2   36314  1073   1
0  2   1  3   36540  1074   5
0  2   1  3   36545  1075   5
1  3   1  0   36600  1076   5
1  0   0  1   36699  1078   1
0  1   1  0   36925  1079   5
0  1   1  0   36930  1080   5
1  0   1  1   37155  1082   1
1  1   0  1   37186  1083   1
0  1   1  1   37397  1084   5
0  1   1  1   37402  1085   5
1  1   1  0   37437  1086   5
1  0   1  2   37467  1087   1
1  2   0  2   37518  1088   1
0  2   1  2   37734  1089   5
0  2   1  2   37739  1090   5
1  2   1  0   37790  1091   5
1  0   1  3   37851  1092   1
1  3   0  2   37912  1093   1
0  2   1  3   38138  1094   5
0  2   1  3   38143  1095   5
1  3   1  0   38198  1096   5
1  0   1  2   38265  1097   1
1  2   0  2   38316  1098   1
0  2   1  2   38532  1099   5
0  2   1  2   38537  1100   5
1  2   1  0   38588  1101   5
1  0   1  3   38625  1102   1
1  3   0  2   38686  1103   1
0  2   1  3   38912  1104   5
0  2   1  3   38917  1105   5
1  3   1  0   38972  1106   5
1  0   1  1   39033  1107   1
1  1   0  1   39064  1108   1
0  1   1  1   39275  1109   5
0  1   1  1   39280  1110   5
1  1   1  0   39315  1111   5
1  0   1  2   39342  1112   1
1  2   0  2   39394  1113   1
0  2   1  2   39610  1114   5
0  2   1  2   39615  1115   5
1  2   1  0   39666  1116   5
1  0   1  3   39717  1117   1
1  0   1  1   39726  1118   1
1  1   0  1   39757  1119   1
1  3   0  2   39778  1120   1
0  1   1  1   39968  1121   5
0  1   1  1   39973  1122   5
0  2   1  3   40004  1123   5
1  1   1  0   40008  1124   5
0  2   1  3   40009  1125   5
1  3   1  0   40064  1126   5
1  0   0  1   40188  1128   1
0  1   1  0   40414  1129   5
0  1   1  0   40419  1130   5
1  0   1  1   40506  1132   1
1  1   0  1   40537  1133   1
0  1   1  1   40748  1134   5
0  1   1  1   40753  1135   5
1  1   1  0   40788  1136   5
1  0   1  2   40824  1137   1
1  2   0  2   40876  1138   1
0  2   1  2   41092  1139   5
0  2   1  2   41097  1140   5
1  2   1  0   41148  1141   5
1  0   1  3   41187  1142   1
1  3   0  2   41248  1143   1
0  2   1  3   41474  1144   5
0  2   1  3   41479  1145   5
1  3   1  0   41534  1146   5
1  0   0  1   41640  1148   1
0  1   1  0   41866  1149   5
0  1   1  0   41871  1150   5
1  0   1  1   41964  1152   1
1  1   0  1   41995  1153   1
0  1   1  1   42206  1154   5
0  1   1  1   42211  1155   5
1  1   1  0   42246  1156   5
1  0   1  1   42276  1157   1
1  1   0  1   42307  1158   1
0  1   1  1   42518  1159   5
0  1   1  1   42523  1160   5
1  1   1  0   42558  1161   5
1  0   1  2   42609  1162   1
1  2   0  2   42660  1163   1
0  2   1  2   42876  1164   5
0  2   1  2   42881  1165   5
1  2   1  0   42932  1166   5
1  0   1  1   42969  1167   1
1  1   0  1   43000  1168   1
0  1   1  1   43211  1169   5
0  1   1  1   43216  1170   5
1  1   1  0   43251  1171   5
1  0   1  2   43368  1172   1
1  2   0  2   43420  1173   1
0  2   1  2   43636  1174   5
0  2   1  2   43641  1175   5
1  2   1  0   43692  1176   5
1  0   1  3   43734  1177   1
1  3   0  2   43796  1178   1
0  2   1  3   44022  1179   5
0  2   1  3   44027  1180   5
1  3   1  0   44082  1181   5
1  0   0  1   44208  1183   1
0  1   1  0   44434  1184   5
0  1   1  0   44439  1185   5
1  0   1  2   44559  1187   1
1  2   0  2   44610  1188   1
0  2   1  2   44826  1189   5
0  2   1  2   44831  1190   5
1  2   1  0   44882  1191   5
1  0   1  3   44919  1192   1
1  3   0  2   44980  1193   1
0  2   1  3   45206  1194   5
0  2   1  3   45211  1195   5
1  3   1  0   45266  1196   5
1  0   0  1   45390  1198   1
0  1   1  0   45616  1199   5
0  1   1  0   45621  1200   5
1  0   1  3   45738  1202   1
1  3   0  2   45800  1203   1
0  2   1  3   46026  1204   5
0  2   1  3   46031  1205   5
1  3   1  0   46086  1206   5
1  0   1  3   46140  1207   1
1  3   0  2   46202  1208   1
0  2   1  3   46428  1209   5
0  2   1  3   46433  1210   5
1  3   1  0   46488  1211   5
1  0   0  1   46584  1213   1
0  1   1  0   46810  1214   5
0  1   1  0   46815  1215   5
1  0   1  2   46920  1217   1
1  2   0  2   46972  1218   1
0  2   1  2   47188  1219   5
0  2   1  2   47193  1220   5
1  2   1  0   47244  1221   5
1  0   1  3   47286  1222   1
1  3   0  2   47348  1223   1
0  2   1  3   47574  1224   5
0  2   1  3   47579  1225   5
1  3   1  0   47634  1226   5
1  0   1  2   47748  1227   1
1  2   0  2   47800  1228   1
0  2   1  2   48016  1229   5
0  2   1  2   48021  1230   5
1  2   1  0   48072  1231   5
1  0   1  1   48147  1232   1
1  1   0  1   48178  1233   1
0  1   1  1   48389  1234   5
0  1   1  1   48394  1235   5
1  1   1  0   48429  1236   5
1  0   1  2   48462  1237   1
1  0   1  2   48510  1238   1
1  2   0  2   48514  1239   1
1  2   0  2   48562  1240   1
0  2   1  2   48730  1241   5
0  2   1  2   48735  1242   5
0  2   1  2   48778  1243   5
1  2   1  0   48786  1244   5
0  2   1  2   48787  1245   5
1  2   1  0   48834  1246   5
1  0   1  3   48888  1247   1
1  3   0  2   48950  1248   1
0  2   1  3   49176  1249   5
0  2   1  3   49181  1250   5
1  3   1  0   49236  1251   5
1  0   1  2   49281  1252   1
1  2   0  2   49332  1253   1
0  2   1  2   49548  1254   5
0  2   1  2   49553  1255   5
1  2   1  0   49604  1256   5
1  0   1  3   49665  1257   1
1  3   0  2   49726  1258   1
0  2   1  3   49952  1259   5
0  2   1  3   49957  1260   5
1  3   1  0   50012  1261   5
1  0   1  3   50082  1262   1
1  3   0  2   50144  1263   1
0  2   1  3   50370  1264   5
0  2   1  3   50375  1265   5
1  3   1  0   50430  1266   5
1  0   1  1   50571  1267   1
1  0   1  3   50574  1268   1
1  0   1  1   50583  1269   1
1  1   1  0   50602  1270   5
1  1   1  0   50620  1271   5
1  3   1  0   50642  1272   5
1  0   1  2   50952  1275   1
1  0   1  2   50952  1276   1
1  2   1  1   51004  1277   1
1  2   1  0   51012  1278   5
1  1   1  2   51017  1279   1
1  2   1  0   51054  1280   5
1  0   1  2   51108  1281   1
1  2   1  0   51160  1282   5
1  0   1  1   51342  1283   1
1  1   1  0   51373  1284   5
1  0   1  3   51522  1287   1
1  3   1  0   51584  1288   5
1  0   1  2   51906  1291   1
1  0   1  1   51912  1292   1
1  1   1  0   51946  1293   5
1  2   1  0   51958  1294   5
1  0   1  2   52005  1296   1
1  2   1  0   52056  1297   5
1  0   1  1   52188  1300   1
1  1   1  0   52219  1301   5
1  0   1  2   52248  1302   1
1  2   1  0   52300  1306   5
1  0   1  2   52302  1307   1
1  0   1  3   52344  1308   1
1  2   1  0   52354  1309   5
1  3   1  0   52406  1310   5
1  0   1  2   52413  1311   1
1  0   1  3   52455  1313   1
1  2   1  0   52464  1314   5
1  0   1  2   52500  1315   1
1  0   1  3   52500  1316   1
1  3   1  0   52516  1317   5
1  2   1  0   52524  1318   1
1  3   1  0   52542  1319   1
1  0   1  3   52578  1320   1
1  3   1  0   52624  1322   1
1  3   1  0   52640  1323   5
1  0   1  3   52695  1324   1
1  0   1  3   52742  1327   5
1  3   1  0   52756  1328   5
1  0   1  2   52809  1329   1
1  2   1  0   52860  1330   5
1  3   1  1   52910  1331   1
1  1   1  3   52946  1332   5
1  3   1  1   52988  1333   1
1  1   0  1   53024  1334   1
1  3   1  2   53052  1335   1
1  3   1  0   53054  1336   1
1  2   1  3   53094  1337   5
1  3   1  0   53126  1338   1
1  0   1  3   53130  1339   5
1  0   1  3   53199  1340   5
0  1   1  1   53235  1341   5
0  1   1  1   53240  1342   5
1  1   1  3   53275  1343   5
1  3   1  0   53312  1344   1
1  3   1  1   53362  1345   1
1  1   1  3   53398  1348   5
1  0   1  3   53432  1349   1
1  3   1  2   53438  1350   1
1  2   1  3   53480  1351   5
1  3   1  2   53538  1354   1
1  3   1  0   53542  1355   1
1  3   1  1   53542  1356   1
1  3   1  2   53542  1357   1
1  2   1  3   53570  1360   1
1  0   1  3   53573  1361   1
1  1   1  3   53573  1362   1
1  3   0  2   53578  1363   1
1  2   1  0   53580  1364   1
1  2   1  1   53580  1365   1
1  1   1  2   53599  1368   1
1  0   1  2   53600  1369   1
1  1   1  3   53639  1371   1
1  1   1  2   53639  1372   1
1  2   1  3   53644  1373   1
1  0   1  3   53646  1375   1
1  0   1  2   53646  1376   1
1  2   1  3   53650  1377   1
1  2   1  3   53674  1378   1
1  3   1  2   53688  1381   5
1  3   1  1   53718  1382   5
1  3   1  2   53720  1383   5
1  3   1  0   53720  1384   5
1  2   1  1   53748  1386   5
1  2   1  0   53748  1387   5
0  2   1  3   53804  1388   5
1  0   1  2   53804  1389   1
0  2   1  3   53809  1390   5
1  0   1  1   53880  1393   1
1  2   1  0   53882  1394   1
1  2   1  1   53882  1395   1
1  2   1  3   53882  1396   1
1  0   1  2   53900  1397   1
1  1   1  2   53901  1398   1
1  3   1  2   53908  1399   1
1  1   1  0   53911  1400   5
1  0   1  2   53943  1401   1
1  3   1  0   53950  1402   1
1  2   1  0   53980  1404   1
1  0   0  1   54021  1407   1
1  2   1  0   54026  1408   5
1  0   1  2   54060  1409   1
1  0   1  2   54066  1410   1
1  0   1  2   54084  1411   1
1  2   1  1   54112  1412   1
1  2   1  3   54112  1414   1
1  2   1  0   54120  1416   5
1  1   1  2   54125  1417   1
1  3   1  2   54132  1418   1
1  2   1  0   54168  1421   1
1  2   1  0   54174  1422   1
1  0   1  3   54177  1423   1
1  0   1  2   54194  1424   1
1  3   1  0   54238  1425   5
0  1   1  0   54247  1426   5
0  1   1  0   54252  1427   5
1  0   1  3   54330  1428   5
1  0   1  2   54375  1430   5
1  3   1  2   54390  1432   1
1  2   1  0   54432  1434   1
1  0   1  2   54452  1435   5
1  2   1  3   54524  1436   1
1  2   1  3   54526  1437   1
1  3   1  2   54544  1438   5
1  2   1  0   54620  1441   1
1  0   1  3   54627  1443   1
1  2   1  0   54652  1444   1
1  3   1  0   54660  1445   5
1  0   1  2   54671  1446   5
1  3   1  0   54756  1452   1
1  1   1  2   54791  1453   1
1  0   1  2   54796  1454   1
1  0   1  2   54828  1455   1
1  2   1  1   54828  1456   5
1  2   1  0   54852  1457   5
1  1   1  2   54907  1458   1
1  0   1  3   54927  1459   5
1  2   1  0   54944  1460   1
1  0   1  2   54962  1463   1
1  2   1  1   55012  1464   1
1  1   1  0   55041  1465   1
1  0   1  1   55092  1466   5
1  1   1  2   55139  1467   1
1  2   1  1   55208  1470   1
1  1   1  0   55229  1471   1
1  0   1  2   55281  1472   1
1  0   1  3   55281  1473   1
1  2   1  0   55304  1474   1
1  3   1  0   55324  1475   1
1  0   1  1   55395  1476   1
1  0   1  2   55623  1477   1
1  2   1  1   55674  1478   1
1  1   1  2   55687  1479   5
1  2   1  0   55732  1480   5
1  3   1  0   55998  1483   1
1  0   1  1   56070  1484   1
1  1   1  0   56088  1485   5
1  0   1  3   56151  1486   5
1  3   1  0   56282  1487   1
1  0   1  1   56355  1490   1
1  3   1  2   56360  1491   1
1  1   1  0   56373  1492   1
1  2   1  3   56402  1493   5
1  0   1  3   56424  1494   1
1  3   1  2   56444  1496   1
1  3   1  0   56464  1497   1
1  3   1  1   56464  1498   1
1  3   1  2   56464  1499   1
1  2   1  0   56486  1500   1
1  2   1  1   56486  1501   1
1  2   1  3   56490  1504   1
1  0   1  3   56492  1505   1
1  1   1  3   56493  1506   1
1  0   1  2   56504  1507   1
1  1   1  2   56505  1508   1
1  2   1  3   56554  1510   1
1  1   1  3   56559  1511   1
1  1   1  2   56559  1512   1
1  2   1  3   56564  1513   1
1  0   1  3   56565  1515   1
1  0   1  2   56565  1516   1
1  3   1  1   56590  1517   1
1  2   1  3   56594  1518   1
1  3   1  2   56608  1521   5
1  1   0  1   56626  1522   1
1  3   1  2   56638  1523   5
1  3   1  1   56640  1524   5
1  3   1  0   56640  1525   5
1  2   1  1   56668  1527   5
1  2   1  0   56668  1528   5
1  2   1  0   56764  1530   1
1  2   1  1   56764  1531   1
1  2   1  3   56764  1532   1
1  0   1  2   56783  1533   1
1  1   1  2   56783  1534   1
1  3   1  2   56790  1535   1
1  0   1  2   56832  1536   1
0  1   1  1   56837  1538   5
0  1   1  1   56842  1539   5
1  2   1  1   56856  1540   1
1  1   1  3   56877  1541   5
1  1   1  2   56882  1542   5
1  2   1  0   56916  1545   5
1  0   1  2   56949  1546   1
1  0   1  2   56964  1547   1
1  3   1  2   56986  1548   1
1  2   1  1   57000  1549   1
1  1   1  2   57013  1551   5
1  2   0  2   57028  1554   1
1  2   1  0   57048  1555   1
1  2   1  0   57058  1556   1
1  0   1  1   57108  1557   1
1  1   1  0   57139  1558   5
1  0   1  1   57183  1559   1
1  1   0  1   57214  1560   1
0  2   1  2   57244  1561   5
0  2   1  2   57249  1562   5
1  2   1  3   57300  1563   5
1  2   1  0   57400  1566   1
0  1   1  1   57425  1567   5
1  2   1  0   57426  1568   1
0  1   1  1   57430  1569   5
1  0   1  2   57446  1570   5
1  0   1  3   57462  1571   1
1  1   1  0   57465  1572   5
1  3   1  0   57510  1574   5
1  0   0  1   57540  1576   1
1  0   1  2   57597  1577   1
1  1   1  2   57728  1578   1
1  2   1  1   57764  1579   5
0  1   1  0   57766  1580   5
0  1   1  0   57771  1581   5
1  1   1  2   57831  1582   1
1  2   1  0   57868  1585   1
1  0   1  2   57887  1588   1
1  0   0  1   57906  1589   1
1  2   1  1   57936  1590   1
1  1   1  2   58035  1593   1
1  2   1  1   58072  1594   5
0  1   1  0   58132  1595   5
1  1   1  0   58137  1596   1
0  1   1  0   58137  1597   5
1  0   1  2   58188  1598   1
1  2   1  0   58212  1599   5
1  0   1  2   58251  1601   1
1  0   1  1   58287  1602   1
1  2   0  2   58302  1603   1
1  3   1  0   58434  1604   1
1  0   1  1   58506  1605   1
0  2   1  2   58518  1606   5
0  2   1  2   58523  1607   5
1  1   1  0   58524  1608   5
1  2   1  1   58576  1610   1
1  2   1  0   58576  1611   5
1  0   1  3   58587  1612   5
1  1   1  2   58589  1613   5
1  0   1  3   58629  1614   1
1  3   0  2   58690  1616   1
0  2   1  3   58916  1617   5
0  2   1  3   58921  1618   5
1  3   1  0   58976  1619   5
1  0   0  1   59124  1621   1
0  1   1  0   59350  1622   5
0  1   1  0   59355  1623   5
1  0   1  1   59436  1625   1
1  1   0  1   59467  1626   1
0  1   1  1   59678  1627   5
0  1   1  1   59683  1628   5
1  1   1  0   59718  1629   5
1  0   1  1   59754  1630   1
1  0   1  2   59775  1631   1
1  1   0  1   59785  1632   1
1  2   0  2   59826  1633   1
0  1   1  1   59996  1634   5
0  1   1  1   60001  1635   5
1  1   1  0   60036  1636   5
0  2   1  2   60042  1637   5
0  2   1  2   60047  1638   5
1  2   1  0   60098  1639   5
1  0   1  2   60144  1640   1
1  2   1  0   60196  1641   5
1  0   1  3   60276  1642   1
1  3   0  2   60338  1643   1
0  2   1  3   60564  1644   5
0  2   1  3   60569  1645   5
1  3   1  0   60624  1646   5
1  0   1  2   61263  1647   1
1  0   1  1   61272  1648   1
1  1   0  1   61303  1649   1
1  2   1  0   61314  1650   5
1  0   1  2   61356  1651   1
1  2   0  2   61408  1652   1
0  1   1  1   61514  1653   5
0  1   1  1   61519  1654   5
1  1   1  0   61554  1655   5
0  2   1  2   61624  1656   5
0  2   1  2   61629  1657   5
1  2   1  0   61680  1658   5
1  0   0  1   61932  1660   1
0  1   1  0   62158  1661   5
0  1   1  0   62163  1662   5
1  0   1  3   62265  1664   1
1  3   0  2   62326  1665   1
0  2   1  3   62552  1666   5
0  2   1  3   62557  1667   5
1  3   1  0   62612  1668   5
1  0   0  1   62709  1670   1
0  1   1  0   62935  1671   5
0  1   1  0   62940  1672   5
1  0   1  1   63045  1674   1
1  1   0  1   63076  1675   1
0  1   1  1   63287  1676   5
0  1   1  1   63292  1677   5
1  1   1  0   63327  1678   5
1  0   0  1   63468  1680   1
0  1   1  0   63694  1681   5
0  1   1  0   63699  1682   5
1  0   1  1   63780  1684   1
1  1   0  1   63811  1685   1
0  1   1  1   64022  1686   5
0  1   1  1   64027  1687   5
1  1   1  0   64062  1688   5
1  0   1  1   64200  1689   1
1  1   1  0   64231  1690   5
1  0   1  2   64419  1691   1
1  2   0  2   64470  1692   1
0  2   1  2   64686  1693   5
0  2   1  2   64691  1694   5
1  2   1  0   64742  1695   5
1  0   1  1   64794  1696   1
1  1   0  1   64825  1697   1
0  1   1  1   65036  1698   5
0  1   1  1   65041  1699   5
1  1   1  0   65076  1700   5
1  0   1  2   65103  1701   1
1  2   0  2   65154  1702   1
0  2   1  2   65370  1703   5
0  2   1  2   65375  1704   5
1  2   1  0   65426  1705   5
1  0   1  3   65529  1706   1
1  3   0  2   65590  1707   1
0  2   1  3   65816  1708   5
0  2   1  3   65821  1709   5
1  3   1  0   65876  1710   5
1  0   1  2   65937  1711   1
1  2   0  2   65988  1712   1
0  2   1  2   66204  1713   5
0  2   1  2   66209  1714   5
1  2   1  0   66260  1715   5
1  0   1  3   66312  1716   1
1  3   0  2   66374  1717   1
0  2   1  3   66600  1718   5
0  2   1  3   66605  1719   5
1  3   1  0   66660  1720   5
1  0   0  1   66816  1722   1
0  1   1  0   67042  1723   5
0  1   1  0   67047  1724   5
1  0   0  0   67140  1726   5
1  0   0  1   68322  1728   1
0  1   1  0   68548  1729   5
0  1   1  0   68553  1730   5
1  0   1  1   68652  1732   1
1  1   0  1   68683  1733   1
0  1   1  1   68894  1734   5
0  1   1  1   68899  1735   5
1  1   1  0   68934  1736   5
1  0   1  1   70158  1737   1
1  0   1  2   70158  1738   1
1  1   0  1   70189  1739   1
1  2   0  2   70218  1740   1
0  1   1  1   70400  1741   5
0  1   1  1   70405  1742   5
0  2   1  2   70434  1743   5
0  2   1  2   70439  1744   5
1  1   1  0   70440  1745   5
1  2   1  0   70490  1746   5
1  0   1  1   70542  1747   1
1  1   0  1   70573  1748   1
0  1   1  1   70784  1749   5
0  1   1  1   70789  1750   5
1  1   1  0   70824  1751   5
1  0   1  2   73137  1752   1
1  2   1  0   73188  1753   5
1  0   1  2   73314  1754   1
1  0   1  1   73365  1756   1
1  0   1  3   73365  1757   1
1  2   1  0   73366  1758   5
1  1   1  0   73383  1759   1
1  3   1  0   73408  1760   1
1  3   1  0   73488  1762   1
1  0   1  3   73607  1765   5
1  3   1  0   74740  1766   1
1  3   1  2   74786  1767   1
1  2   1  3   74828  1770   5
1  0   1  3   74858  1771   1
1  3   1  2   74870  1773   1
1  3   1  0   74890  1774   1
1  3   1  1   74890  1775   1
1  3   1  2   74890  1776   1
1  2   1  0   74912  1777   1
1  2   1  1   74912  1778   1
1  2   1  3   74916  1781   1
1  0   1  3   74918  1782   1
1  1   1  3   74919  1783   1
1  0   1  2   74930  1784   1
1  1   1  2   74931  1785   1
1  2   1  3   74980  1787   1
1  1   1  3   74985  1788   1
1  1   1  2   74985  1789   1
1  2   1  3   74990  1790   1
1  0   1  3   74991  1792   1
1  0   1  2   74991  1793   1
1  2   1  3   75020  1794   1
1  3   1  2   75034  1797   5
1  3   1  2   75064  1798   5
1  3   1  1   75066  1799   5
1  3   1  0   75066  1800   5
1  3   1  2   75088  1801   1
1  2   1  1   75094  1803   5
1  2   1  0   75094  1804   5
1  0   1  2   75167  1806   1
1  2   1  0   75190  1807   1
1  2   1  1   75190  1808   1
1  2   1  3   75190  1809   1
1  2   1  0   75208  1810   1
1  0   1  2   75209  1811   1
1  1   1  2   75209  1812   1
1  3   1  2   75216  1813   1
1  0   1  2   75227  1814   5
1  0   1  2   75234  1815   1
1  2   1  3   75298  1817   5
1  2   1  0   75342  1820   5
1  0   1  2   75375  1822   1
1  0   1  2   75390  1824   1
1  2   1  3   75426  1826   1
1  3   1  2   75440  1829   1
1  2   1  0   75474  1832   1
1  2   1  0   75482  1833   1
1  2   1  0   75484  1834   1
1  0   1  2   75506  1835   5
1  2   1  0   75664  1838   1
1  0   1  2   75681  1839   1
1  2   1  0   75690  1840   1
1  0   1  2   75710  1841   5
1  0   1  3   75726  1842   1
1  2   1  0   75732  1843   5
1  3   1  0   75774  1844   5
1  0   1  2   75861  1846   1
1  1   1  2   76162  1847   1
1  2   1  1   76198  1848   5
1  1   1  2   76265  1849   1
1  2   1  0   76302  1850   1
1  0   1  2   76322  1853   1
1  2   1  1   76372  1854   1
1  1   1  2   76441  1855   1
1  2   1  1   76478  1856   5
1  3   1  0   76512  1857   1
1  1   1  0   76584  1859   1
1  0   1  2   76584  1860   1
1  2   1  0   76608  1861   5
1  0   1  3   76683  1863   5
1  0   1  2   76685  1864   1
1  0   1  3   76685  1865   1
1  2   1  0   76740  1866   1
1  3   1  0   76758  1867   1
1  0   1  1   76830  1869   1
1  2   1  1   76840  1870   1
1  1   1  2   76853  1871   5
1  3   1  0   77756  1873   1
1  0   1  1   77829  1874   1
1  1   1  0   77847  1875   5
1  0   1  3   77910  1876   5
1  0   1  1   78225  1877   1
1  1   1  0   78256  1878   5
1  0   1  2   78633  1879   1
1  0   1  1   78684  1881   1
1  0   1  3   78684  1882   1
1  2   1  0   78684  1883   5
1  1   1  0   78702  1884   1
1  3   1  0   78726  1885   1
1  3   1  0   78808  1887   1
1  0   1  3   78926  1890   5
1  3   1  0   79040  1891   1
1  3   1  2   79086  1892   1
1  2   1  3   79128  1895   5
1  0   1  3   79160  1897   1
1  3   1  2   79170  1898   1
1  3   1  0   79190  1899   1
1  3   1  1   79190  1900   1
1  3   1  2   79190  1901   1
1  2   1  0   79212  1902   1
1  2   1  1   79212  1903   1
1  2   1  3   79216  1906   1
1  1   1  3   79219  1907   1
1  0   1  3   79220  1908   1
1  1   1  2   79231  1909   1
1  0   1  2   79232  1910   1
1  2   1  3   79282  1912   1
1  1   1  3   79287  1913   1
1  1   1  2   79287  1914   1
1  2   1  3   79292  1915   1
1  0   1  3   79293  1917   1
1  0   1  2   79293  1918   1
1  3   1  2   79322  1919   1
1  2   1  3   79322  1920   1
1  3   1  2   79336  1923   5
1  2   1  0   79364  1924   1
1  2   1  1   79364  1925   1
1  3   1  1   79366  1927   5
1  3   1  2   79368  1929   5
1  3   1  0   79368  1930   5
1  0   1  2   79382  1931   1
1  1   1  2   79383  1932   1
1  2   1  1   79396  1934   5
1  2   1  0   79396  1935   5
1  2   1  3   79432  1936   1
1  0   1  2   79451  1937   1
1  2   1  0   79514  1939   1
1  2   1  1   79514  1940   1
1  2   1  3   79514  1941   1
1  0   1  2   79524  1942   1
1  0   1  2   79532  1943   1
1  1   1  2   79533  1944   1
1  0   1  2   79536  1945   1
1  3   1  2   79540  1946   1
1  2   1  3   79576  1947   1
1  3   1  2   79590  1949   5
1  2   1  0   79626  1953   5
1  2   1  0   79648  1954   1
1  2   1  0   79650  1955   1
1  0   1  2   79667  1956   1
1  0   1  2   79668  1957   1
1  0   1  2   79673  1958   5
1  2   1  0   79758  1962   1
1  2   1  0   79774  1963   1
1  2   1  0   79806  1965   1
1  0   1  2   79815  1966   1
1  0   1  2   79826  1967   5
1  0   1  3   79836  1968   1
1  3   1  0   79890  1971   5
1  2   1  0   79898  1972   1
1  3   1  0   79944  1975   1
1  0   1  2   79977  1976   1
1  0   1  2   79983  1977   1
1  2   1  0   80010  1978   5
1  0   1  3   80133  1983   5
1  1   1  2   80441  1984   1
1  2   1  1   80478  1985   5
1  1   1  2   80545  1986   1
1  2   1  0   80582  1987   1
1  0   1  2   80600  1990   1
1  2   1  1   80650  1991   1
1  1   1  2   80678  1992   1
1  2   1  0   80714  1993   1
1  0   1  2   80732  1994   5
1  2   1  1   80804  1995   1
1  1   1  0   80825  1996   1
1  0   1  3   80877  1998   1
1  3   1  0   80910  2000   1
1  2   1  1   80954  2002   1
1  1   1  2   80967  2003   5
1  0   1  1   80982  2004   1
1  0   1  2   80997  2005   1
1  2   1  0   81048  2007   5
1  3   1  0   81204  2008   1
1  0   1  1   81276  2009   1
1  1   1  0   81294  2010   5
1  0   1  3   81357  2011   5
1  3   1  0   81472  2012   1
1  3   1  2   81518  2013   1
1  0   1  1   81543  2014   1
1  2   1  3   81560  2015   5
1  1   1  0   81561  2016   1
1  3   1  2   81602  2018   1
1  0   1  3   81612  2019   1
1  3   1  0   81622  2020   1
1  3   1  1   81622  2021   1
1  3   1  2   81622  2022   1
1  2   1  0   81644  2023   1
1  2   1  1   81644  2024   1
1  2   1  3   81648  2027   1
1  0   1  3   81650  2028   1
1  1   1  3   81651  2029   1
1  0   1  2   81662  2030   1
1  1   1  2   81663  2031   1
1  2   1  3   81712  2033   1
1  1   1  3   81717  2034   1
1  1   1  2   81717  2035   1
1  2   1  3   81722  2036   1
1  0   1  3   81723  2038   1
1  0   1  2   81723  2039   1
1  2   1  3   81752  2040   1
1  3   1  2   81766  2043   5
1  3   1  2   81796  2044   5
1  3   1  1   81798  2045   5
1  3   1  0   81798  2046   5
1  2   1  1   81826  2048   5
1  2   1  0   81826  2049   5
1  2   1  0   81922  2051   1
1  2   1  1   81922  2052   1
1  2   1  3   81922  2053   1
1  0   1  2   81941  2054   1
1  1   1  2   81941  2055   1
1  3   1  2   81948  2056   1
1  0   1  2   81966  2057   1
1  2   1  0   82050  2061   5
1  0   1  2   82083  2062   1
1  2   1  0   82084  2063   1
1  0   1  2   82098  2064   1
1  0   1  1   82101  2065   1
1  2   1  1   82134  2066   1
1  1   1  0   82138  2067   5
1  0   1  3   82146  2068   1
1  1   1  2   82147  2069   5
1  3   1  0   82180  2072   5
1  2   1  0   82182  2073   1
1  2   1  0   82194  2074   1
1  0   1  2   82266  2075   1
1  0   1  2   82365  2076   1
1  2   1  0   82416  2077   5
1  3   1  0   82836  2078   1
1  1   1  2   82893  2079   1
1  0   1  2   82908  2080   1
1  2   1  0   82930  2081   1
1  2   1  0   82932  2082   5
1  0   1  2   82949  2083   5
1  0   1  2   82998  2084   1
1  0   1  3   83013  2085   5
1  2   1  1   83020  2086   5
1  2   1  0   83050  2087   5
1  1   1  2   83087  2088   1
1  2   1  0   83124  2090   1
1  0   1  2   83144  2091   1
1  2   1  1   83194  2092   1
1  2   1  1   83196  2093   1
1  1   1  2   83213  2094   5
1  1   1  0   83265  2096   1
1  0   1  2   83316  2097   1
1  0   1  3   83316  2098   1
1  2   1  0   83340  2099   1
1  0   1  1   83346  2100   1
1  3   1  0   83358  2101   1
1  1   1  0   83377  2102   5
1  0   1  1   83445  2103   1
1  0   0  0   83619  2104   5
1  3   1  0   84082  2105   1
1  0   1  1   84153  2106   1
1  1   1  0   84171  2107   5
1  0   1  3   84234  2108   5
1  0   1  2   87858  2109   1
1  0   1  1   87909  2111   1
1  0   1  3   87909  2112   1
1  2   1  0   87910  2113   5
1  1   1  0   87927  2114   1
1  3   1  0   87952  2115   1
1  3   1  0   88032  2117   1
1  0   1  3   88151  2120   5
1  3   1  0   89280  2121   1
1  3   1  2   89326  2122   1
1  2   1  3   89368  2125   5
1  0   1  3   89399  2126   1
1  3   1  2   89410  2128   1
1  3   1  0   89430  2129   1
1  3   1  1   89430  2130   1
1  3   1  2   89430  2131   1
1  2   1  0   89452  2132   1
1  2   1  1   89452  2133   1
1  2   1  3   89456  2136   1
1  0   1  3   89459  2137   1
1  1   1  3   89459  2138   1
1  0   1  2   89471  2139   1
1  1   1  2   89471  2140   1
1  2   1  3   89520  2141   1
1  1   1  3   89527  2143   1
1  1   1  2   89527  2144   1
1  2   1  3   89532  2145   1
1  0   1  3   89535  2147   1
1  0   1  2   89535  2148   1
1  2   1  3   89562  2149   1
1  3   1  2   89576  2152   5
1  3   1  2   89596  2153   1
1  3   1  1   89606  2154   5
1  3   1  2   89608  2155   5
1  3   1  0   89608  2156   5
1  2   1  1   89636  2158   5
1  2   1  0   89636  2159   5
1  2   1  0   89640  2160   1
1  0   1  2   89690  2161   1
1  0   1  2   89717  2162   5
1  2   1  0   89754  2164   1
1  2   1  1   89754  2165   1
1  2   1  3   89754  2166   1
1  0   1  2   89763  2167   1
1  1   1  2   89773  2168   1
1  0   1  2   89774  2169   1
1  0   1  2   89775  2170   1
1  3   1  2   89780  2171   1
1  2   1  3   89788  2172   5
1  2   1  3   89814  2173   1
1  3   1  2   89828  2175   1
1  3   1  2   89838  2178   1
1  2   1  0   89864  2179   5
1  2   1  0   89870  2180   1
1  2   1  0   89880  2181   1
1  0   1  2   89907  2183   1
1  0   1  2   89912  2184   5
1  2   1  0   89990  2187   1
1  2   1  3   89990  2188   5
1  2   1  0   90140  2191   1
1  0   1  2   90159  2192   1
1  2   1  0   90166  2193   1
1  0   1  2   90185  2194   5
1  0   1  3   90201  2195   1
1  2   1  0   90210  2196   5
1  3   1  0   90250  2197   5
1  0   1  2   90336  2199   1
1  1   1  2   90677  2200   1
1  2   1  1   90714  2201   5
1  1   1  2   90781  2202   1
1  2   1  0   90818  2203   1
1  0   1  2   90836  2206   1
1  2   1  1   90886  2207   1
1  1   1  2   90933  2208   1
1  2   1  1   90970  2209   5
1  1   1  0   91076  2211   1
1  0   1  2   91128  2213   1
1  3   1  0   91152  2214   1
1  2   1  0   91152  2215   5
1  0   1  1   91227  2216   1
1  0   1  1   91233  2217   1
1  1   1  0   91254  2218   5
1  2   1  1   91312  2220   1
1  0   1  3   91317  2221   5
1  1   1  2   91325  2222   5
1  0   1  1   92583  2224   1
1  1   1  0   92614  2225   5
1  0   1  2   92991  2226   1
1  0   1  1   93042  2228   1
1  0   1  3   93042  2229   1
1  2   1  0   93042  2230   5
1  1   1  0   93060  2231   1
1  3   1  0   93084  2232   1
1  3   1  0   93166  2234   1
1  0   1  3   93284  2237   5
1  3   1  0   93398  2238   1
1  3   1  2   93444  2239   1
1  2   1  3   93486  2242   5
1  0   1  3   93518  2244   1
1  3   1  2   93528  2245   1
1  3   1  0   93548  2246   1
1  3   1  1   93548  2247   1
1  3   1  2   93548  2248   1
1  2   1  0   93570  2249   1
1  2   1  1   93570  2250   1
1  2   1  3   93574  2253   1
1  1   1  3   93577  2254   1
1  0   1  3   93578  2255   1
1  1   1  2   93589  2256   1
1  0   1  2   93590  2257   1
1  2   1  3   93640  2259   1
1  1   1  3   93645  2260   1
1  1   1  2   93645  2261   1
1  2   1  3   93650  2262   1
1  0   1  3   93651  2264   1
1  0   1  2   93651  2265   1
1  3   1  2   93680  2266   1
1  2   1  3   93680  2267   1
1  3   1  2   93694  2270   5
1  2   1  0   93722  2271   1
1  2   1  1   93722  2272   1
1  3   1  2   93724  2274   5
1  3   1  1   93726  2276   5
1  3   1  0   93726  2277   5
1  0   1  2   93740  2278   1
1  1   1  2   93741  2279   1
1  2   1  1   93754  2281   5
1  2   1  0   93754  2282   5
1  2   1  3   93790  2283   1
1  0   1  2   93827  2285   1
1  2   1  0   93850  2286   1
1  2   1  1   93850  2287   1
1  2   1  3   93850  2288   1
1  0   1  2   93869  2289   1
1  1   1  2   93869  2290   1
1  3   1  2   93876  2291   1
1  0   1  2   93894  2292   1
1  2   1  3   93976  2297   1
1  2   1  0   93978  2298   5
1  3   1  2   93990  2299   5
1  0   1  2   94017  2300   1
1  0   1  2   94032  2301   1
1  2   1  0   94066  2303   1
1  2   1  0   94100  2308   1
1  2   1  0   94116  2309   1
1  0   1  2   94118  2310   1
1  0   1  3   94128  2311   1
1  3   1  0   94162  2312   5
1  0   1  2   94248  2313   1
1  3   1  0   94276  2315   1
1  0   1  2   94314  2316   1
1  2   1  0   94338  2317   5
1  0   1  3   94462  2322   5
1  1   1  2   94818  2323   1
1  2   1  0   94854  2324   1
1  0   1  2   94874  2325   5
1  2   1  1   94946  2326   5
1  1   1  2   95013  2327   1
1  2   1  0   95050  2328   1
1  0   1  2   95069  2329   1
1  2   1  1   95118  2331   1
1  2   1  1   95126  2332   1
1  1   1  2   95139  2333   5
1  1   1  2   95146  2334   1
1  2   1  0   95186  2336   1
1  0   1  2   95204  2337   5
1  2   1  1   95276  2338   1
1  1   1  0   95297  2339   1
1  0   1  2   95307  2340   1
1  0   1  3   95349  2342   1
1  2   1  0   95358  2344   5
1  3   1  0   95382  2345   1
1  0   1  1   95454  2346   1
1  3   1  0   95534  2347   1
1  0   1  1   95607  2348   1
1  1   1  0   95625  2349   5
1  0   1  3   95688  2350   5
1  3   1  0   95804  2351   1
1  3   1  2   95850  2352   1
1  0   1  1   95877  2353   1
1  2   1  3   95892  2354   5
1  1   1  0   95895  2355   1
1  3   1  2   95934  2357   1
1  0   1  3   95946  2358   1
1  3   1  0   95954  2359   1
1  3   1  1   95954  2360   1
1  3   1  2   95954  2361   1
1  2   1  0   95976  2362   1
1  2   1  1   95976  2363   1
1  2   1  3   95980  2366   1
1  1   1  3   95983  2367   1
1  0   1  3   95984  2368   1
1  1   1  2   95995  2369   1
1  0   1  2   95996  2370   1
1  2   1  3   96046  2372   1
1  1   1  3   96051  2373   1
1  1   1  2   96051  2374   1
1  2   1  3   96056  2375   1
1  0   1  3   96057  2377   1
1  0   1  2   96057  2378   1
1  2   1  3   96086  2379   1
1  3   1  2   96100  2382   5
1  3   1  2   96130  2383   5
1  3   1  1   96132  2384   5
1  3   1  0   96132  2385   5
1  2   1  1   96160  2387   5
1  2   1  0   96160  2388   5
1  2   1  0   96256  2390   1
1  2   1  1   96256  2391   1
1  2   1  3   96256  2392   1
1  0   1  2   96275  2393   1
1  1   1  2   96275  2394   1
1  3   1  2   96282  2395   1
1  0   1  2   96300  2396   1
1  2   1  0   96384  2400   5
1  0   1  2   96417  2401   1
1  2   1  0   96418  2402   1
1  0   1  2   96432  2403   1
1  0   1  1   96435  2404   1
1  2   1  1   96468  2405   1
1  1   1  0   96472  2406   5
1  0   1  3   96480  2407   1
1  1   1  2   96481  2408   5
1  3   1  0   96514  2411   5
1  2   1  0   96516  2412   1
1  2   1  0   96528  2413   1
1  0   1  2   96600  2414   1
1  0   1  2   96699  2415   1
1  2   1  0   96750  2416   5
1  3   1  0   97170  2417   1
1  1   1  2   97227  2418   1
1  0   1  2   97242  2419   1
1  2   1  0   97264  2420   1
1  2   1  0   97266  2421   5
1  0   1  2   97283  2422   5
1  0   1  2   97332  2423   1
1  0   1  3   97347  2424   5
1  2   1  1   97354  2425   5
1  2   1  0   97384  2426   5
1  1   1  2   97421  2427   1
1  2   1  0   97458  2429   1
1  0   1  2   97478  2430   1
1  2   1  1   97528  2431   1
1  2   1  1   97530  2432   1
1  1   1  2   97547  2433   5
1  1   1  0   97589  2434   1
1  0   1  2   97641  2436   1
1  0   1  3   97641  2437   1
1  2   1  0   97664  2438   1
1  0   1  1   97680  2439   1
1  3   1  0   97684  2440   1
1  1   1  0   97711  2441   5
1  0   1  1   97755  2442   1
1  0   0  0   97953  2443   5
1  3   1  0   98422  2444   1
1  0   1  1   98493  2445   1
1  1   1  0   98511  2446   5
1  0   1  3   98574  2447   5
1  0   1  2   101166  2448   1
1  0   1  1   101217  2450   1
1  0   1  3   101217  2451   1
1  2   1  0   101218  2452   5
1  1   1  0   101235  2453   1
1  3   1  0   101260  2454   1
1  3   1  0   101340  2456   1
1  0   1  3   101459  2459   5
1  3   1  0   102616  2460   1
1  3   1  2   102662  2461   1
1  2   1  3   102704  2464   5
1  0   1  3   102734  2465   1
1  3   1  2   102746  2467   1
1  3   1  0   102766  2468   1
1  3   1  1   102766  2469   1
1  3   1  2   102766  2470   1
1  2   1  0   102788  2471   1
1  2   1  1   102788  2472   1
1  2   1  3   102792  2475   1
1  0   1  3   102794  2476   1
1  1   1  3   102795  2477   1
1  0   1  2   102806  2478   1
1  1   1  2   102807  2479   1
1  2   1  3   102856  2480   1
1  1   1  3   102863  2482   1
1  1   1  2   102863  2483   1
1  2   1  3   102868  2484   1
1  0   1  3   102870  2486   1
1  0   1  2   102870  2487   1
1  2   1  3   102898  2488   1
1  3   1  2   102912  2491   5
1  3   1  2   102932  2492   1
1  3   1  2   102942  2493   5
1  3   1  1   102944  2494   5
1  3   1  0   102944  2495   5
1  2   1  1   102972  2497   5
1  2   1  0   102972  2498   5
1  2   1  0   102976  2499   1
1  0   1  2   103046  2501   1
1  2   1  0   103068  2502   1
1  2   1  1   103068  2503   1
1  2   1  3   103068  2504   1
1  0   1  2   103070  2505   5
1  1   1  2   103087  2506   1
1  0   1  2   103088  2507   1
1  3   1  2   103094  2508   1
1  0   1  2   103110  2509   1
1  2   1  3   103142  2510   5
1  2   1  0   103194  2514   5
1  0   1  2   103227  2516   1
1  0   1  2   103242  2517   1
1  2   1  3   103278  2520   1
1  3   1  2   103292  2523   1
1  2   1  0   103326  2526   1
1  2   1  0   103334  2527   1
1  2   1  0   103336  2528   1
1  0   1  2   103358  2529   5
1  0   1  2   103506  2531   1
1  2   1  0   103522  2533   1
1  2   1  0   103548  2534   1
1  2   1  0   103558  2535   5
1  0   1  2   103568  2536   5
1  0   1  3   103584  2537   1
1  3   1  0   103632  2538   5
1  0   1  2   103719  2540   1
1  1   1  2   104037  2541   1
1  2   1  1   104074  2542   5
1  1   1  2   104141  2543   1
1  2   1  0   104178  2544   1
1  0   1  2   104198  2547   1
1  2   1  1   104248  2548   1
1  1   1  2   104286  2549   1
1  2   1  1   104322  2550   5
1  3   1  0   104336  2551   1
1  0   1  2   104409  2553   1
1  1   1  0   104421  2554   1
1  2   1  0   104432  2555   5
1  0   1  3   104508  2557   5
1  0   1  2   104510  2558   1
1  0   1  3   104510  2559   1
1  2   1  0   104564  2560   1
1  3   1  0   104584  2561   1
1  0   1  1   104655  2562   1
1  2   1  1   104698  2564   1
1  1   1  2   104711  2565   5
1  3   1  0   105580  2567   1
1  0   1  1   105651  2568   1
1  1   1  0   105669  2569   5
1  0   1  3   105732  2570   5
1  0   1  1   105882  2571   1
1  1   1  0   105913  2572   5
1  0   1  2   106290  2573   1
1  0   1  1   106341  2575   1
1  0   1  3   106341  2576   1
1  2   1  0   106342  2577   5
1  1   1  0   106359  2578   1
1  3   1  0   106384  2579   1
1  3   1  0   106464  2581   1
1  0   1  3   106583  2584   5
1  3   1  0   107740  2585   1
1  3   1  2   107786  2586   1
1  2   1  3   107828  2589   5
1  0   1  3   107858  2590   1
1  3   1  2   107870  2592   1
1  3   1  0   107890  2593   1
1  3   1  1   107890  2594   1
1  3   1  2   107890  2595   1
1  2   1  0   107912  2596   1
1  2   1  1   107912  2597   1
1  2   1  3   107916  2600   1
1  0   1  3   107918  2601   1
1  1   1  3   107919  2602   1
1  0   1  2   107930  2603   1
1  1   1  2   107931  2604   1
1  2   1  3   107980  2605   1
1  1   1  3   107987  2607   1
1  1   1  2   107987  2608   1
1  2   1  3   107992  2609   1
1  0   1  3   107994  2611   1
1  0   1  2   107994  2612   1
1  3   1  2   108020  2613   1
1  2   1  3   108022  2614   1
1  3   1  2   108036  2617   5
1  2   1  0   108062  2618   1
1  2   1  1   108062  2619   1
1  3   1  2   108066  2622   5
1  3   1  1   108068  2623   5
1  3   1  0   108068  2624   5
1  0   1  2   108080  2625   1
1  1   1  2   108081  2626   1
1  2   1  1   108096  2628   5
1  2   1  0   108096  2629   5
1  2   1  3   108130  2630   1
1  0   1  2   108170  2632   1
1  2   1  0   108192  2633   1
1  2   1  1   108192  2634   1
1  2   1  3   108192  2635   1
1  1   1  2   108211  2636   1
1  0   1  2   108212  2637   1
1  3   1  2   108218  2638   1
1  0   1  2   108234  2639   1
1  2   1  0   108318  2644   5
1  2   1  3   108320  2645   1
1  0   1  2   108351  2646   1
1  3   1  2   108354  2647   5
1  0   1  2   108366  2648   1
1  2   1  0   108430  2654   1
1  2   1  0   108446  2656   1
1  2   1  0   108450  2657   1
1  2   1  0   108462  2658   1
1  0   1  2   108464  2659   1
1  0   1  2   108482  2660   5
1  0   1  3   108492  2661   1
1  3   1  0   108546  2662   5
1  3   1  0   108610  2665   1
1  0   1  2   108633  2666   1
1  0   1  2   108648  2667   1
1  2   1  0   108672  2668   5
1  0   1  3   108796  2673   5
1  1   1  2   109161  2674   1
1  2   1  1   109198  2675   5
1  1   1  2   109265  2676   1
1  2   1  0   109302  2677   1
1  0   1  2   109322  2680   1
1  2   1  1   109372  2681   1
1  1   1  2   109400  2682   1
1  2   1  0   109436  2683   1
1  0   1  2   109454  2684   5
1  2   1  1   109526  2685   1
1  1   1  0   109547  2686   1
1  0   1  3   109599  2689   1
1  2   1  1   109612  2691   1
1  1   1  2   109625  2692   5
1  3   1  0   109632  2693   1
1  0   1  2   109638  2694   1
1  2   1  0   109690  2696   5
1  0   1  1   109704  2697   1
1  3   1  0   109864  2698   1
1  0   1  1   109935  2699   1
1  1   1  0   109953  2700   5
1  0   1  3   110016  2701   5
1  3   1  0   110120  2702   1
1  3   1  2   110166  2703   1
1  0   1  1   110193  2704   1
1  2   1  3   110208  2705   5
1  1   1  0   110211  2706   1
1  3   1  2   110250  2708   1
1  0   1  3   110262  2709   1
1  3   1  0   110270  2710   1
1  3   1  1   110270  2711   1
1  3   1  2   110270  2712   1
1  2   1  0   110292  2713   1
1  2   1  1   110292  2714   1
1  2   1  3   110296  2717   1
1  1   1  3   110299  2718   1
1  0   1  3   110300  2719   1
1  1   1  2   110311  2720   1
1  0   1  2   110312  2721   1
1  2   1  3   110362  2723   1
1  1   1  3   110367  2724   1
1  1   1  2   110367  2725   1
1  2   1  3   110372  2726   1
1  0   1  3   110373  2728   1
1  0   1  2   110373  2729   1
1  2   1  3   110402  2730   1
1  3   1  2   110416  2733   5
1  3   1  2   110446  2734   5
1  3   1  1   110448  2735   5
1  3   1  0   110448  2736   5
1  2   1  1   110476  2738   5
1  2   1  0   110476  2739   5
1  0   1  2   110553  2741   1
1  2   1  0   110572  2742   1
1  2   1  1   110572  2743   1
1  2   1  3   110572  2744   1
1  0   1  2   110591  2745   1
1  1   1  2   110591  2746   1
1  0   1  2   110595  2747   1
1  3   1  2   110598  2748   1
1  2   1  1   110604  2749   1
1  1   1  2   110617  2750   5
1  2   1  0   110662  2754   1
1  2   1  0   110682  2755   5
1  0   1  1   110721  2756   1
1  0   1  2   110724  2757   1
1  2   1  0   110734  2758   1
1  1   1  0   110752  2759   5
1  0   1  3   110796  2762   1
1  2   1  0   110814  2763   1
1  3   1  0   110830  2764   5
1  0   1  2   110916  2765   1
1  0   1  2   110967  2766   1
1  2   1  0   111018  2767   5
1  3   1  0   111472  2768   1
1  1   1  2   111537  2769   1
1  0   1  2   111543  2770   1
1  2   1  0   111566  2771   5
1  0   1  2   111570  2772   1
1  2   1  0   111574  2773   1
1  0   1  2   111608  2774   5
1  2   1  0   111622  2775   5
1  0   1  3   111642  2776   5
1  2   1  1   111680  2777   5
1  1   1  2   111747  2778   1
1  2   1  0   111784  2780   1
1  0   1  2   111803  2781   1
1  2   1  1   111852  2782   1
1  2   1  1   111854  2783   1
1  1   1  2   111871  2784   5
1  1   1  0   111913  2785   1
1  0   1  1   111918  2787   1
1  1   1  0   111949  2788   5
1  0   1  2   111966  2789   1
1  0   1  3   111966  2790   1
1  2   1  0   111990  2791   1
1  3   1  0   112008  2792   1
1  0   1  1   112080  2793   1
1  0   0  0   112191  2794   5
1  3   1  0   112712  2795   1
1  0   1  1   112785  2796   1
1  1   1  0   112803  2797   5
1  0   1  3   112866  2798   5
1  0   1  2   114375  2799   1
1  0   1  1   114426  2801   1
1  0   1  3   114426  2802   1
1  2   1  0   114426  2803   5
1  1   1  0   114444  2804   1
1  3   1  0   114468  2805   1
1  3   1  0   114550  2807   1
1  0   1  3   114668  2810   5
1  3   1  0   114782  2811   1
1  3   1  2   114828  2812   1
1  2   1  3   114870  2815   5
1  0   1  3   114902  2817   1
1  3   1  2   114912  2818   1
1  3   1  0   114932  2819   1
1  3   1  1   114932  2820   1
1  3   1  2   114932  2821   1
1  2   1  0   114954  2822   1
1  2   1  1   114954  2823   1
1  2   1  3   114958  2826   1
1  1   1  3   114961  2827   1
1  0   1  3   114962  2828   1
1  1   1  3   114965  2829   1
1  1   1  2   114973  2830   1
1  0   1  2   114974  2831   1
1  2   1  3   114990  2832   1
1  2   1  3   115024  2834   1
1  2   1  3   115026  2836   1
1  0   1  3   115038  2840   1
1  0   1  2   115038  2841   1
1  3   1  2   115044  2842   5
1  3   1  1   115058  2843   5
1  3   1  2   115060  2844   5
1  3   1  1   115060  2845   1
1  3   1  2   115060  2846   1
1  2   1  0   115104  2848   5
1  2   1  3   115134  2849   1
1  0   1  2   115136  2850   1
1  1   1  3   115137  2851   1
1  3   1  0   115218  2855   5
1  3   1  2   115248  2856   1
1  2   1  0   115290  2857   1
1  0   1  2   115310  2858   5
1  0   1  2   115314  2859   1
1  0   1  2   115356  2860   1
1  2   1  3   115382  2861   5
1  2   1  3   115392  2862   1
1  2   1  3   115408  2864   1
1  3   1  2   115418  2866   1
1  3   1  2   115424  2867   1
1  3   1  2   115432  2868   1
1  2   1  0   115460  2869   1
1  2   1  0   115466  2870   1
1  2   1  0   115474  2871   1
1  0   1  2   115493  2872   5
1  2   1  3   115564  2873   5
1  0   1  2   115635  2874   1
1  2   1  0   115686  2875   5
1  1   1  3   116118  2876   1
1  1   1  2   116118  2877   1
1  2   1  3   116140  2878   1
1  2   1  0   116160  2880   1
1  3   1  1   116164  2881   5
1  0   1  2   116180  2882   5
1  3   1  2   116182  2883   5
1  2   1  1   116252  2884   5
1  1   1  2   116319  2886   1
1  2   1  0   116352  2888   1
1  2   1  1   116352  2889   1
1  1   1  2   116371  2890   1
1  0   1  2   116372  2891   1
1  2   1  1   116456  2895   1
1  1   1  2   116518  2898   1
1  2   1  1   116554  2900   5
1  1   1  0   116653  2903   1
1  2   1  0   116654  2904   1
1  2   1  1   116680  2905   1
1  1   1  2   116693  2906   5
1  0   1  3   116706  2907   1
1  3   1  0   116740  2909   5
1  0   1  1   116826  2910   1
1  0   1  1   116827  2911   1
1  1   1  0   116853  2912   5
1  0   1  2   116916  2913   1
1  3   1  0   117734  2914   1
1  0   1  2   117807  2915   1
1  2   1  0   117830  2916   5
1  0   1  3   117906  2917   5
1  0   1  1   117996  2918   1
1  1   1  0   118027  2919   5
1  0   1  2   118404  2920   1
1  0   1  2   118455  2922   1
1  0   1  3   118455  2923   1
1  2   1  0   118456  2924   5
1  2   1  0   118478  2925   1
1  3   1  0   118498  2926   1
1  3   1  0   118578  2928   1
1  0   1  3   118697  2931   5
1  3   1  0   119832  2932   1
1  3   1  2   119878  2933   1
1  2   1  3   119920  2936   5
1  0   1  3   119951  2937   1
1  3   1  2   119962  2939   1
1  3   1  0   119982  2940   1
1  3   1  1   119982  2941   1
1  3   1  2   119982  2942   1
1  2   1  0   120004  2943   1
1  2   1  1   120004  2944   1
1  2   1  3   120008  2947   1
1  0   1  3   120011  2948   1
1  1   1  3   120011  2949   1
1  0   1  2   120023  2950   1
1  1   1  2   120023  2951   1
1  2   1  3   120072  2952   1
1  1   1  3   120079  2954   1
1  1   1  2   120079  2955   1
1  2   1  3   120084  2956   1
1  0   1  3   120087  2958   1
1  0   1  2   120087  2959   1
1  3   1  2   120112  2960   1
1  2   1  3   120114  2961   1
1  3   1  2   120128  2964   5
1  2   1  0   120154  2965   1
1  2   1  1   120154  2966   1
1  3   1  1   120158  2969   5
1  3   1  2   120160  2970   5
1  3   1  0   120160  2971   5
1  0   1  2   120173  2972   1
1  1   1  2   120173  2973   1
1  2   1  1   120188  2975   5
1  2   1  0   120188  2976   5
1  2   1  3   120222  2977   1
1  0   1  2   120242  2978   1
1  0   1  2   120246  2979   1
1  2   1  3   120300  2981   1
1  2   1  0   120306  2982   1
1  2   1  1   120306  2983   1
1  2   1  3   120306  2984   1
1  3   1  2   120314  2985   5
1  0   1  2   120318  2986   1
1  1   1  2   120325  2987   1
1  0   1  2   120326  2988   1
1  3   1  2   120332  2989   1
1  2   1  0   120372  2990   1
1  0   1  2   120392  2994   1
1  2   1  0   120412  2996   1
1  2   1  0   120436  2997   1
1  0   1  2   120455  2998   5
1  0   1  2   120468  2999   1
1  2   1  0   120544  3003   1
1  2   1  0   120570  3005   1
1  2   1  0   120576  3006   1
1  0   1  2   120596  3007   5
1  0   1  3   120606  3008   1
1  3   1  0   120660  3010   5
1  0   1  2   120747  3012   1
1  0   1  2   120749  3013   1
1  2   1  0   120780  3014   5
1  3   1  0   120864  3017   1
1  0   1  3   120983  3020   5
1  1   1  2   121230  3021   1
1  2   1  1   121266  3022   5
1  1   1  2   121333  3023   1
1  2   1  0   121370  3024   1
1  0   1  2   121388  3027   1
1  2   1  1   121438  3028   1
1  1   1  2   121466  3029   1
1  2   1  0   121502  3030   1
1  0   1  2   121520  3031   5
1  2   1  1   121592  3032   1
1  1   1  0   121613  3033   1
1  0   1  2   121656  3034   1
1  0   1  3   121665  3036   1
1  3   1  0   121698  3039   1
1  2   1  1   121708  3040   1
1  1   1  2   121721  3041   5
1  2   1  0   121766  3042   5
1  0   1  1   121773  3044   1
1  3   1  0   122048  3045   1
1  0   1  1   122121  3046   1
1  1   1  0   122139  3047   5
1  0   1  3   122202  3048   5
1  3   1  0   122306  3049   1
1  3   1  2   122352  3050   1
1  0   1  1   122379  3051   1
1  2   1  3   122394  3052   5
1  1   1  0   122397  3053   1
1  3   1  2   122436  3055   1
1  0   1  3   122448  3056   1
1  3   1  0   122456  3057   1
1  3   1  1   122456  3058   1
1  3   1  2   122456  3059   1
1  2   1  0   122478  3060   1
1  2   1  1   122478  3061   1
1  2   1  3   122482  3064   1
1  1   1  3   122485  3065   1
1  0   1  3   122486  3066   1
1  1   1  2   122497  3067   1
1  0   1  2   122498  3068   1
1  2   1  3   122548  3070   1
1  1   1  3   122553  3071   1
1  1   1  2   122553  3072   1
1  2   1  3   122558  3073   1
1  0   1  3   122559  3075   1
1  0   1  2   122559  3076   1
1  2   1  3   122588  3077   1
1  3   1  2   122602  3080   5
1  3   1  2   122632  3081   5
1  3   1  1   122634  3082   5
1  3   1  0   122634  3083   5
1  2   1  1   122662  3085   5
1  2   1  0   122662  3086   5
1  2   1  0   122732  3088   1
1  2   1  1   122732  3089   1
1  2   1  3   122732  3090   1
1  0   1  2   122739  3091   1
1  1   1  2   122761  3092   1
1  0   1  2   122762  3093   1
1  0   1  2   122766  3094   1
1  3   1  2   122768  3095   1
1  2   1  1   122790  3096   1
1  1   1  2   122803  3097   5
1  2   1  0   122848  3101   1
1  2   1  0   122852  3102   5
1  0   1  1   122895  3103   1
1  0   1  2   122898  3104   1
1  2   1  0   122906  3105   1
1  1   1  0   122926  3106   5
1  0   1  3   122967  3109   1
1  2   1  0   122988  3110   1
1  3   1  0   123000  3111   5
1  0   1  2   123087  3112   1
1  0   1  2   123141  3113   1
1  2   1  0   123192  3114   5
1  3   1  0   123658  3115   1
1  1   1  2   123726  3116   1
1  0   1  2   123729  3117   1
1  0   1  2   123744  3118   1
1  2   1  0   123752  3119   5
1  2   1  0   123762  3120   1
1  0   1  2   123794  3121   5
1  2   1  0   123796  3122   5
1  0   1  3   123828  3123   5
1  2   1  1   123866  3124   5
1  1   1  2   123933  3126   1
1  2   1  0   123970  3128   1
1  0   1  2   123989  3131   1
1  2   1  1   124038  3132   1
1  0   1  1   124092  3133   1
1  1   1  0   124099  3134   1
1  1   1  0   124123  3135   5
1  0   1  2   124152  3136   1
1  0   1  3   124152  3137   1
1  2   1  0   124176  3138   1
1  3   1  0   124194  3139   1
1  0   1  1   124266  3140   1
1  0   0  0   124365  3141   5
1  3   1  0   124900  3142   1
1  0   1  1   124971  3143   1
1  1   1  0   124989  3145   5
1  2   1  1   125014  3146   1
1  1   1  2   125027  3147   5
1  0   1  3   125052  3148   5
1  0   1  2   126549  3150   1
1  0   1  1   126600  3152   1
1  0   1  3   126600  3153   1
1  2   1  0   126600  3154   5
1  1   1  0   126618  3155   1
1  3   1  0   126642  3156   1
1  3   1  0   126724  3158   1
1  0   1  3   126842  3161   5
1  3   1  0   126958  3162   1
1  3   1  2   127004  3163   1
1  2   1  3   127046  3166   5
1  0   1  3   127076  3167   1
1  3   1  2   127088  3169   1
1  3   1  0   127108  3170   1
1  3   1  1   127108  3171   1
1  3   1  2   127108  3172   1
1  2   1  0   127130  3173   1
1  2   1  1   127130  3174   1
1  2   1  3   127134  3177   1
1  0   1  3   127136  3178   1
1  1   1  3   127137  3179   1
1  0   1  2   127148  3180   1
1  1   1  2   127149  3181   1
1  1   1  3   127150  3182   1
1  1   1  2   127150  3183   1
1  2   1  3   127202  3185   1
1  2   1  3   127204  3186   1
1  2   1  3   127208  3189   1
1  0   1  3   127209  3191   1
1  0   1  2   127209  3192   1
1  3   1  2   127222  3193   5
1  3   1  1   127236  3194   5
1  3   1  2   127256  3195   5
1  3   1  0   127270  3196   5
1  3   1  2   127278  3197   1
1  2   1  1   127280  3198   5
1  2   1  0   127282  3200   5
1  0   1  2   127352  3201   1
1  2   1  0   127354  3202   1
1  0   1  2   127373  3204   5
1  0   1  2   127380  3205   1
1  2   1  0   127392  3206   1
1  2   1  1   127392  3207   1
1  2   1  3   127392  3208   1
1  1   1  2   127411  3209   1
1  0   1  2   127412  3210   1
1  3   1  2   127418  3211   1
1  0   1  2   127431  3212   1
1  2   1  3   127444  3213   5
1  2   1  3   127456  3214   1
1  3   1  2   127480  3216   1
1  3   1  2   127494  3219   1
1  2   1  0   127514  3220   5
1  2   1  0   127522  3221   1
1  2   1  0   127536  3223   1
1  0   1  2   127551  3224   1
1  0   1  2   127556  3225   1
1  0   1  2   127562  3226   5
1  2   1  0   127634  3229   1
1  2   1  3   127642  3230   5
1  2   1  0   127782  3233   1
1  0   1  2   127803  3234   1
1  2   1  0   127808  3235   1
1  0   1  2   127826  3236   5
1  0   1  3   127845  3237   1
1  2   1  0   127854  3238   5
1  3   1  0   127890  3239   5
1  0   1  2   127977  3241   1
1  0   1  2   128280  3242   1
1  1   1  2   128323  3243   1
1  2   1  0   128332  3244   5
1  2   1  1   128360  3245   5
1  1   1  2   128427  3246   1
1  2   1  0   128464  3247   1
1  0   1  2   128483  3250   1
1  2   1  1   128532  3251   1
1  1   1  2   128579  3252   1
1  2   1  1   128616  3253   5
1  1   1  0   128715  3254   1
1  0   1  2   128766  3256   1
1  3   1  0   128784  3257   1
1  2   1  0   128790  3258   5
1  0   1  1   128865  3260   1
1  0   1  1   128871  3261   1
1  1   1  0   128892  3262   5
1  0   1  3   128955  3264   5
1  2   1  1   128960  3265   1
1  1   1  2   128973  3266   5
1  0   1  1   130215  3268   1
1  1   1  0   130246  3269   5
1  0   1  2   130623  3270   1
1  0   1  1   130674  3272   1
1  0   1  3   130674  3273   1
1  2   1  0   130674  3274   5
1  1   1  0   130692  3275   1
1  3   1  0   130716  3276   1
1  3   1  0   130798  3278   1
1  0   1  3   130916  3281   5
1  3   1  0   131018  3282   1
1  3   1  2   131064  3283   1
1  2   1  3   131106  3286   5
1  0   1  3   131138  3288   1
1  3   1  2   131148  3289   1
1  3   1  0   131168  3290   1
1  3   1  1   131168  3291   1
1  3   1  2   131168  3292   1
1  2   1  0   131190  3293   1
1  2   1  1   131190  3294   1
1  2   1  3   131194  3297   1
1  1   1  3   131197  3298   1
1  0   1  3   131198  3299   1
1  1   1  2   131209  3300   1
1  0   1  2   131210  3301   1
1  2   1  3   131260  3303   1
1  1   1  3   131265  3304   1
1  1   1  2   131265  3305   1
1  2   1  3   131270  3306   1
1  0   1  3   131271  3308   1
1  0   1  2   131271  3309   1
1  3   1  2   131300  3310   1
1  2   1  3   131300  3311   1
1  3   1  2   131314  3314   5
1  2   1  0   131342  3315   1
1  2   1  1   131342  3316   1
1  3   1  2   131344  3318   5
1  3   1  1   131346  3320   5
1  3   1  0   131346  3321   5
1  0   1  2   131360  3322   1
1  1   1  2   131361  3323   1
1  2   1  1   131374  3325   5
1  2   1  0   131374  3326   5
1  2   1  3   131410  3327   1
1  2   1  0   131444  3329   1
1  2   1  1   131444  3330   1
1  2   1  3   131444  3331   1
1  0   1  2   131447  3332   1
1  1   1  2   131473  3333   1
1  0   1  2   131474  3334   1
1  3   1  2   131480  3335   1
1  0   1  2   131514  3336   1
1  2   1  3   131582  3341   1
1  3   1  2   131596  3342   5
1  2   1  0   131598  3343   5
1  0   1  2   131631  3344   1
1  0   1  2   131646  3345   1
1  2   1  0   131672  3347   1
1  2   1  0   131714  3352   1
1  2   1  0   131730  3353   1
1  0   1  2   131732  3354   1
1  0   1  3   131733  3355   1
1  3   1  0   131772  3356   5
1  0   1  2   131859  3357   1
1  3   1  0   131890  3359   1
1  0   1  2   131928  3360   1
1  2   1  0   131952  3361   5
1  0   1  3   132076  3366   5
1  1   1  2   132439  3367   1
1  2   1  0   132476  3368   1
1  0   1  2   132494  3369   5
1  2   1  1   132566  3370   5
1  1   1  2   132633  3371   1
1  2   1  0   132670  3372   1
1  0   1  2   132689  3373   1
1  2   1  1   132738  3375   1
1  2   1  1   132740  3376   1
1  1   1  2   132757  3377   5
1  1   1  2   132766  3378   1
1  2   1  0   132804  3380   1
1  0   1  2   132824  3381   5
1  2   1  1   132896  3382   1
1  1   1  0   132917  3383   1
1  0   1  2   132921  3384   1
1  0   1  3   132969  3386   1
1  2   1  0   132972  3388   5
1  3   1  0   133002  3389   1
1  0   1  1   133074  3390   1
1  3   1  0   133142  3391   1
1  0   1  1   133215  3392   1
1  1   1  0   133233  3393   5
1  0   1  3   133296  3394   5
1  3   1  0   133400  3395   1
1  3   1  2   133446  3396   1
1  0   1  1   133473  3397   1
1  2   1  3   133488  3398   5
1  1   1  0   133491  3399   1
1  3   1  2   133530  3401   1
1  0   1  3   133542  3402   1
1  3   1  0   133550  3403   1
1  3   1  1   133550  3404   1
1  3   1  2   133550  3405   1
1  2   1  0   133572  3406   1
1  2   1  1   133572  3407   1
1  2   1  3   133576  3410   1
1  1   1  3   133579  3411   1
1  0   1  3   133580  3412   1
1  1   1  2   133591  3413   1
1  0   1  2   133592  3414   1
1  2   1  3   133642  3416   1
1  1   1  3   133647  3417   1
1  1   1  2   133647  3418   1
1  2   1  3   133652  3419   1
1  0   1  3   133653  3421   1
1  0   1  2   133653  3422   1
1  2   1  3   133682  3423   1
1  3   1  2   133696  3426   5
1  3   1  2   133726  3427   5
1  3   1  1   133728  3428   5
1  3   1  0   133728  3429   5
1  2   1  1   133756  3431   5
1  2   1  0   133756  3432   5
1  0   1  2   133833  3434   1
1  2   1  0   133834  3435   1
1  2   1  1   133834  3436   1
1  2   1  3   133834  3437   1
1  1   1  2   133855  3438   1
1  0   1  2   133856  3439   1
1  0   1  2   133860  3440   1
1  3   1  2   133862  3441   1
1  2   1  1   133884  3442   1
1  1   1  2   133897  3443   5
1  2   1  0   133942  3447   1
1  2   1  0   133946  3448   5
1  0   1  1   133989  3449   1
1  0   1  2   133992  3450   1
1  2   1  0   134000  3451   1
1  1   1  0   134020  3452   5
1  0   1  3   134061  3455   1
1  2   1  0   134082  3456   1
1  3   1  0   134094  3457   5
1  0   1  2   134181  3458   1
1  0   1  2   134235  3459   1
1  2   1  0   134286  3460   5
1  3   1  0   134754  3461   1
1  1   1  2   134815  3462   1
1  0   1  2   134826  3463   1
1  0   1  2   134838  3464   1
1  2   1  0   134850  3465   5
1  2   1  0   134852  3466   1
1  2   1  0   134890  3467   5
1  0   1  2   134891  3468   5
1  0   1  3   134925  3469   5
1  2   1  1   134962  3470   5
1  1   1  2   135030  3472   1
1  2   1  0   135066  3474   1
1  0   1  2   135086  3477   1
1  2   1  1   135136  3478   1
1  0   1  1   135186  3479   1
1  1   1  0   135197  3480   1
1  1   1  0   135217  3481   5
1  0   1  2   135249  3482   1
1  0   1  3   135249  3483   1
1  2   1  0   135272  3484   1
1  3   1  0   135292  3485   1
1  0   1  1   135363  3486   1
1  0   0  0   135459  3487   5
1  3   1  0   135994  3488   1
1  0   1  1   136065  3489   1
1  1   1  0   136083  3491   5
1  2   1  1   136112  3492   1
1  1   1  2   136125  3493   5
1  0   1  3   136146  3494   5
