1  1   1  0   0  1   1
1  0   0  1   51  2   1
0  1   1  0   277  3   5
0  1   1  0   282  4   5
1  0   1  1   360  5   5
1  1   0  1   425  7   1
0  1   1  1   636  8   5
0  1   1  1   641  9   5
1  1   1  0   686  11   1
1  0   0  1   738  12   1
0  1   1  0   964  13   5
0  1   1  0   969  14   5
1  0   1  1   1005  15   1
1  1   0  1   1036  16   1
1  0   1  1   1047  17   5
1  1   1  0   1092  18   1
1  1   1  0   1096  20   1
1  1   0  1   1109  21   1
0  1   1  1   1247  22   5
0  1   1  1   1252  23   5
1  1   1  0   1287  24   5
0  1   1  1   1320  25   5
1  0   1  1   1323  26   1
0  1   1  1   1325  27   5
1  1   0  1   1354  28   1
1  0   1  1   1400  30   1
1  0   1  1   1406  31   1
1  1   1  0   1416  33   1
1  1   0  1   1431  35   1
1  1   0  1   1432  36   1
1  1   1  0   1433  38   1
1  1   0  1   1448  39   1
1  0   0  1   1467  40   1
1  0   0  1   1488  41   1
0  1   1  1   1565  42   5
0  1   1  1   1570  43   5
1  1   1  0   1605  44   5
0  1   1  1   1642  46   5
0  1   1  1   1646  47   5
0  1   1  1   1647  48   5
0  1   1  1   1651  49   5
0  1   1  1   1659  50   5
0  1   1  1   1671  51   5
0  1   1  0   1693  54   5
0  1   1  0   1698  56   5
0  1   1  0   1714  59   5
0  1   1  0   1719  60   5
1  1   0  1   1726  61   1
1  0   1  1   1806  63   5
1  0   1  1   1821  64   5
0  1   1  1   1937  65   5
0  1   1  1   1942  66   5
1  0   1  1   1947  68   1
1  1   0  1   1978  69   1
1  1   1  0   1987  71   1
1  0   0  1   2040  72   1
0  1   1  1   2189  73   5
0  1   1  1   2194  74   5
1  1   1  0   2229  75   5
0  1   1  0   2266  76   5
0  1   1  0   2271  77   5
1  0   0  1   2322  79   1
1  0   1  1   2349  80   5
1  1   0  1   2411  82   1
0  1   1  0   2548  83   5
0  1   1  0   2553  84   5
0  1   1  1   2622  85   5
0  1   1  1   2627  86   5
1  1   1  0   2669  90   1
1  0   0  1   2721  91   1
0  1   1  0   2947  93   5
1  0   1  1   2949  94   1
0  1   1  0   2952  95   5
1  1   0  1   2980  96   1
1  0   1  1   3030  97   5
1  1   1  0   3124  101   1
1  0   1  1   3134  102   1
1  1   1  0   3181  104   1
0  1   1  1   3191  105   5
0  1   1  1   3196  106   5
1  1   1  0   3231  107   5
1  0   1  1   3234  108   5
1  0   1  1   3261  109   1
1  1   1  0   3279  110   1
1  1   0  1   3298  111   1
0  1   1  1   3509  112   5
0  1   1  1   3514  113   5
1  1   1  0   3549  114   5
1  0   0  1   3621  117   1
1  0   1  1   3621  118   1
1  1   1  0   3663  120   1
1  0   1  1   3671  121   1
0  1   1  0   3847  125   5
0  1   1  0   3852  126   5
1  0   1  1   3933  129   1
1  0   1  1   3942  131   1
1  0   1  1   3951  132   1
1  1   1  0   3960  134   1
1  1   0  1   3964  135   1
1  1   0  1   3973  136   1
1  0   0  1   3978  137   1
1  1   0  1   3982  138   1
1  0   0  1   4005  139   1
1  0   1  1   4011  140   5
1  1   1  0   4065  142   1
0  1   1  1   4175  143   5
0  1   1  1   4180  144   5
0  1   1  1   4184  145   5
0  1   1  1   4189  146   5
0  1   1  1   4193  147   5
0  1   1  0   4204  148   5
0  1   1  1   4204  149   5
0  1   1  0   4209  150   5
1  1   1  0   4215  151   5
0  1   1  0   4231  152   5
0  1   1  0   4236  153   5
1  1   1  0   4237  154   5
1  1   1  0   4249  155   5
1  1   1  0   4290  158   1
1  0   0  1   4329  159   1
1  0   1  1   4336  160   5
1  0   1  1   4350  162   1
1  1   1  0   4389  164   1
1  1   0  1   4397  165   1
1  0   1  1   4446  167   1
0  1   1  0   4555  168   5
0  1   1  0   4560  169   5
0  1   1  1   4608  170   5
0  1   1  1   4613  171   5
1  0   1  1   4625  172   5
1  0   1  1   4638  173   1
1  1   1  0   4639  174   5
1  1   1  0   4648  175   1
1  0   1  1   4664  176   1
1  1   1  0   4674  178   1
1  1   0  1   4687  179   1
1  0   1  1   4737  182   1
0  1   1  1   4898  183   5
0  1   1  1   4903  184   5
1  1   1  0   4943  186   1
1  1   1  0   4953  188   5
1  1   0  1   4959  189   1
1  0   0  1   4995  190   1
1  0   1  1   5001  192   1
1  1   0  1   5035  193   1
0  1   1  1   5175  194   5
0  1   1  1   5180  195   5
0  1   1  0   5221  197   5
0  1   1  0   5226  198   5
0  1   1  1   5246  199   5
0  1   1  1   5251  200   5
1  1   1  0   5286  201   5
1  0   1  1   5304  202   5
1  1   1  0   5351  205   1
1  1   1  0   5352  206   1
1  1   1  0   5353  207   1
1  0   1  1   5364  208   1
1  1   0  1   5365  209   1
1  1   0  1   5395  213   1
1  0   0  1   5403  214   1
1  0   0  1   5406  215   1
1  0   0  1   5409  216   1
1  0   0  1   5412  217   1
1  0   0  1   5415  218   1
0  1   1  1   5576  219   5
0  1   1  1   5581  220   5
0  1   1  1   5606  221   5
0  1   1  1   5617  223   5
0  1   1  0   5629  224   5
0  1   1  0   5634  225   5
0  1   1  0   5638  226   5
0  1   1  0   5643  227   5
1  1   1  0   5646  228   5
0  1   1  0   5647  229   5
0  1   1  0   5652  230   5
0  1   1  0   5656  231   5
0  1   1  0   5665  232   5
0  1   1  0   5697  233   5
0  1   1  0   5712  234   5
1  0   1  1   5727  235   5
1  0   1  1   5757  236   5
1  0   0  1   5817  241   1
1  0   1  1   5834  243   5
1  1   1  0   5881  245   1
0  1   1  0   6043  246   5
0  1   1  0   6048  247   5
1  0   1  1   6144  249   1
1  0   1  1   6171  251   5
1  1   0  1   6175  252   1
1  0   0  1   6189  253   1
1  1   1  0   6218  255   1
0  1   1  1   6386  256   5
0  1   1  1   6391  257   5
0  1   1  0   6430  262   5
0  1   1  0   6435  263   5
1  1   0  1   6436  264   1
1  1   1  0   6443  265   5
1  0   1  1   6468  266   1
1  0   1  1   6500  267   5
1  0   1  1   6513  268   1
1  1   1  0   6549  269   1
0  1   1  1   6647  271   5
0  1   1  1   6652  272   5
1  1   1  0   6677  273   5
1  1   1  0   6687  274   1
1  0   1  1   6701  275   1
1  0   1  1   6729  276   1
1  1   0  1   6760  279   1
0  1   1  1   6971  280   5
0  1   1  1   6976  281   5
1  1   1  0   7011  282   5
1  1   1  0   7031  284   1
1  0   1  1   7340  286   1
1  1   1  0   7356  287   1
1  1   0  1   7372  289   1
1  0   0  1   7407  290   1
0  1   1  1   7583  291   5
0  1   1  1   7588  292   5
0  1   1  0   7633  294   5
0  1   1  0   7638  295   5
1  0   1  1   7653  298   1
1  1   1  0   7701  301   5
1  0   1  1   7763  306   5
1  0   0  1   7791  307   1
1  1   1  0   7824  308   1
0  1   1  0   8020  309   5
0  1   1  0   8025  310   5
1  0   1  1   8130  312   1
1  0   1  1   8148  313   5
1  1   0  1   8161  314   1
0  1   1  1   8372  316   5
0  1   1  1   8377  317   5
1  1   1  0   8412  318   5
1  1   1  0   8451  320   1
1  0   0  1   8502  322   1
0  1   1  0   8728  323   5
0  1   1  0   8733  324   5
1  0   1  1   8811  325   5
1  1   1  0   8859  327   1
1  1   0  1   8876  330   1
1  0   1  1   8883  331   1
1  0   0  1   8910  332   1
1  0   0  1   8919  333   1
0  1   1  1   9087  334   5
0  1   1  1   9092  335   5
1  1   1  0   9118  336   5
1  1   1  0   9127  337   1
0  1   1  0   9136  338   5
0  1   1  0   9141  339   5
1  0   1  1   9143  340   1
0  1   1  0   9145  341   5
0  1   1  0   9150  343   5
1  1   1  0   9181  345   1
1  0   0  1   9195  346   1
1  0   1  1   9235  347   5
0  1   1  0   9421  349   5
0  1   1  0   9426  350   5
1  0   1  1   9516  352   1
1  1   0  1   9547  354   1
1  0   1  1   9549  355   5
1  0   0  1   9564  356   1
1  1   1  0   9595  358   1
1  0   0  1   9648  359   1
0  1   1  1   9758  360   5
0  1   1  1   9763  361   5
1  1   1  0   9798  362   5
0  1   1  0   9808  363   5
0  1   1  0   9813  364   5
1  1   1  0   9821  366   1
1  1   1  0   9821  367   1
1  0   0  1   9873  371   1
0  1   1  0   9874  372   5
1  0   0  1   9876  373   1
1  0   1  1   9882  374   1
0  1   1  0   9892  376   5
1  1   1  0   9909  377   1
1  0   1  1   9961  379   5
0  1   1  0   10099  380   5
0  1   1  0   10104  381   5
0  1   1  0   10108  382   5
0  1   1  0   10113  383   5
1  0   1  1   10212  387   5
1  0   1  1   10244  388   5
1  0   1  1   10260  391   1
1  1   0  1   10270  392   1
0  1   1  1   10481  393   5
0  1   1  1   10486  394   5
1  1   1  0   10526  396   1
1  1   1  0   10536  397   5
1  0   0  1   10578  399   1
0  1   1  0   10804  400   5
0  1   1  0   10809  401   5
1  0   1  1   10887  402   5
1  1   0  1   11058  405   1
1  0   1  1   11256  406   1
0  1   1  1   11269  407   5
0  1   1  1   11287  408   5
1  1   1  0   11304  410   1
1  1   0  1   11319  412   1
1  1   1  0   11331  413   5
1  0   0  1   11355  414   1
1  0   1  1   11361  416   1
1  0   1  1   11373  417   1
1  1   0  1   11395  418   1
1  0   0  1   11406  420   1
1  1   1  0   11421  422   5
0  1   1  1   11530  423   5
0  1   1  1   11535  424   5
1  1   1  0   11581  426   1
0  1   1  0   11581  427   5
0  1   1  0   11586  428   5
0  1   1  1   11606  429   5
0  1   1  1   11611  430   5
0  1   1  0   11632  431   5
1  0   0  1   11634  432   1
1  1   1  0   11646  433   5
0  1   1  0   11664  434   5
1  0   1  1   11665  435   5
0  1   1  0   11860  438   5
0  1   1  0   11865  439   5
1  0   1  1   11943  440   5
1  0   1  1   12003  443   1
1  1   0  1   12004  444   1
0  1   1  1   12215  445   5
0  1   1  1   12220  446   5
1  1   1  0   12246  447   5
1  1   1  0   12255  448   1
1  0   1  1   12269  449   1
1  0   1  1   12276  450   1
1  1   0  1   12307  453   1
0  1   1  1   12518  454   5
0  1   1  1   12523  455   5
1  1   1  0   12558  456   5
1  1   1  0   12580  458   1
1  0   1  1   12594  461   1
1  1   0  1   12595  462   1
1  0   0  1   12633  463   1
0  1   1  1   12806  464   5
0  1   1  1   12811  465   5
1  1   1  0   12837  466   5
1  1   1  0   12846  467   1
0  1   1  0   12859  468   5
1  0   1  1   12860  469   1
0  1   1  0   12864  470   5
1  0   1  1   12989  476   5
1  0   0  1   12990  477   1
1  1   1  0   13037  478   1
0  1   1  0   13246  479   5
0  1   1  0   13251  480   5
1  0   1  1   13356  482   1
1  0   1  1   13356  483   1
1  0   1  1   13374  484   5
1  1   0  1   13387  485   1
1  1   0  1   13396  486   1
0  1   1  1   13598  489   5
0  1   1  1   13603  490   5
0  1   1  1   13607  491   5
0  1   1  1   13612  492   5
1  1   1  0   13655  496   5
1  1   1  0   13660  497   5
1  1   1  0   13685  499   1
1  0   0  1   13737  501   1
0  1   1  0   13963  502   5
0  1   1  0   13968  503   5
1  0   1  1   14046  504   5
1  0   1  1   14097  507   1
1  1   0  1   14104  508   1
0  1   1  1   14315  509   5
0  1   1  1   14320  510   5
1  1   1  0   14363  512   1
1  1   1  0   14370  513   5
1  0   0  1   14415  515   1
0  1   1  0   14641  516   5
0  1   1  0   14646  517   5
1  0   1  1   14724  518   5
1  1   1  0   14777  520   1
1  1   0  1   14793  522   1
1  0   1  1   14799  524   1
1  0   0  1   14829  525   1
0  1   1  1   15004  526   5
0  1   1  1   15009  527   5
0  1   1  0   15055  529   5
1  1   1  0   15059  530   5
0  1   1  0   15060  531   5
1  0   1  1   15185  535   5
1  1   1  0   15293  536   1
1  0   0  1   15345  538   1
0  1   1  0   15571  539   5
0  1   1  0   15576  540   5
1  0   1  1   15654  541   5
1  1   0  1   15722  544   1
1  0   1  1   15726  545   1
0  1   1  1   15933  546   5
0  1   1  1   15938  547   5
1  1   1  0   15978  549   1
1  1   1  0   15988  550   5
1  0   1  1   16286  552   1
1  1   1  0   16302  553   1
1  0   0  1   16353  554   1
0  1   1  0   16579  555   5
0  1   1  0   16584  556   5
1  0   1  1   16709  563   5
1  0   1  1   16716  564   1
1  1   1  0   16752  565   1
1  1   1  0   16758  566   1
1  0   1  1   16858  573   1
1  0   1  1   16866  574   1
1  0   1  1   16872  575   1
1  0   0  1   16872  576   1
1  1   1  0   16882  577   1
1  1   1  0   16882  578   1
1  1   1  0   16884  579   5
1  1   1  0   16886  580   1
1  1   1  0   16893  581   1
1  0   1  1   17003  590   1
1  0   1  1   17008  591   1
1  0   1  1   17010  592   1
1  1   1  0   17028  593   1
1  1   1  0   17037  594   5
0  1   1  0   17110  596   5
0  1   1  0   17115  597   5
1  0   1  1   17238  599   5
1  1   1  0   17284  600   1
1  0   1  1   17384  604   5
1  0   1  1   17385  605   1
1  1   1  0   17427  606   1
1  1   1  0   17433  607   1
1  0   1  1   17533  614   1
1  0   1  1   17541  615   1
1  1   1  0   17559  616   5
1  1   1  0   17561  617   1
1  0   1  1   17565  618   1
1  0   0  1   17577  619   1
1  1   1  0   17583  620   5
1  0   1  1   17672  626   1
1  0   1  1   17679  627   1
1  1   1  0   17697  628   5
1  1   1  0   17699  629   1
0  1   1  0   17803  634   5
1  0   1  1   17810  635   1
1  0   1  1   17817  636   1
0  1   1  0   17817  637   5
1  1   1  0   17835  638   5
1  1   1  0   17837  639   1
1  0   1  1   17916  644   1
1  1   0  1   17947  645   1
1  0   1  1   17948  646   1
1  1   1  0   17980  647   1
1  1   1  0   17987  648   1
1  0   1  1   18039  651   5
1  0   1  1   18080  652   1
0  1   1  1   18158  654   5
0  1   1  1   18163  655   5
1  1   1  0   18198  656   5
1  1   1  0   18226  658   1
1  0   0  1   18279  660   1
0  1   1  0   18505  661   5
0  1   1  0   18510  662   5
1  0   1  1   18588  663   5
1  1   1  0   18637  666   1
1  1   0  1   18651  667   1
1  0   1  1   18654  668   1
1  0   0  1   18690  670   1
1  0   0  1   18705  671   1
0  1   1  1   18862  672   5
0  1   1  1   18867  673   5
1  1   1  0   18910  675   1
0  1   1  0   18916  676   5
1  1   1  0   18917  677   5
0  1   1  0   18931  678   5
1  0   0  1   18963  680   1
0  1   1  0   18963  681   5
0  1   1  0   18964  682   5
1  0   1  1   19002  683   5
0  1   1  0   19189  685   5
0  1   1  0   19194  686   5
1  0   1  1   19272  687   5
1  1   1  0   19334  689   1
1  0   0  1   19386  691   1
0  1   1  0   19612  692   5
0  1   1  0   19617  693   5
1  0   1  1   19695  694   5
1  0   1  1   19752  697   1
1  1   0  1   19755  698   1
0  1   1  1   19966  699   5
0  1   1  1   19971  700   5
1  1   1  0   20021  703   5
1  1   0  1   20034  704   1
1  0   1  1   20067  705   1
0  1   1  1   20245  706   5
0  1   1  1   20250  707   5
1  1   1  0   20300  709   5
1  1   1  0   20307  710   1
1  0   0  1   20367  712   1
0  1   1  0   20593  713   5
0  1   1  0   20598  714   5
1  0   1  1   20676  715   5
1  0   1  1   20730  718   1
1  1   0  1   20735  719   1
0  1   1  1   20946  720   5
0  1   1  1   20951  721   5
1  1   1  0   20991  723   1
1  1   1  0   21001  724   5
1  0   0  1   21042  726   1
0  1   1  0   21268  727   5
0  1   1  0   21273  728   5
1  0   1  1   21351  730   1
1  1   0  1   21382  733   1
1  0   1  1   21398  734   5
0  1   1  1   21593  736   5
0  1   1  1   21598  737   5
1  1   1  0   21633  738   5
1  1   1  0   21696  741   1
1  0   0  1   21705  742   1
0  1   1  0   21931  743   5
0  1   1  0   21936  744   5
1  0   1  1   22044  746   1
1  0   1  1   22059  747   5
1  1   0  1   22075  748   1
0  1   1  1   22286  750   5
0  1   1  1   22291  751   5
1  1   1  0   22326  752   5
1  1   1  0   22349  755   1
1  1   0  1   22364  756   1
1  0   1  1   22365  757   1
1  1   0  1   22396  759   1
1  0   0  1   22401  760   1
0  1   1  1   22575  761   5
0  1   1  1   22580  762   5
0  1   1  1   22607  763   5
0  1   1  1   22616  765   5
0  1   1  0   22627  766   5
0  1   1  0   22632  767   5
1  1   1  0   22647  768   5
1  0   1  1   22713  769   5
1  1   1  0   22777  771   1
1  0   0  1   22830  773   1
0  1   1  0   23056  774   5
0  1   1  0   23061  775   5
1  0   1  1   23139  776   5
1  1   0  1   23211  779   1
1  0   1  1   23220  780   1
0  1   1  1   23422  781   5
0  1   1  1   23427  782   5
1  1   1  0   23477  784   1
1  1   1  0   23477  785   5
1  0   0  1   23529  787   1
0  1   1  0   23755  788   5
0  1   1  0   23760  789   5
1  0   1  1   23838  790   5
1  1   0  1   23901  793   1
1  0   1  1   23904  794   1
0  1   1  1   24112  795   5
0  1   1  1   24117  796   5
1  1   1  0   24158  798   1
1  1   1  0   24167  799   5
1  0   0  1   24210  801   1
0  1   1  0   24436  802   5
0  1   1  0   24441  803   5
1  0   1  1   24519  804   5
1  1   0  1   24586  807   1
1  0   1  1   24588  808   1
0  1   1  1   24797  809   5
0  1   1  1   24802  810   5
1  1   1  0   24840  812   1
1  1   1  0   24852  813   5
1  0   0  1   24891  815   1
0  1   1  0   25117  816   5
0  1   1  0   25122  817   5
1  0   1  1   25200  818   5
1  1   1  0   25243  819   1
1  0   1  1   25254  821   1
1  1   0  1   25285  823   1
1  0   0  1   25296  824   1
1  0   1  1   25302  825   1
1  1   1  0   25323  826   5
0  1   1  1   25496  828   5
0  1   1  1   25501  829   5
0  1   1  0   25522  830   5
0  1   1  0   25527  831   5
1  1   1  0   25536  832   5
1  0   1  1   25605  835   5
1  0   1  1   25611  836   1
1  1   1  0   25648  837   1
1  1   0  1   25669  838   1
1  0   0  1   25701  839   1
0  1   1  1   25880  840   5
0  1   1  1   25885  841   5
1  1   1  0   25920  842   5
0  1   1  0   25927  843   5
0  1   1  0   25932  844   5
1  0   1  1   26010  846   5
1  0   1  1   26064  849   1
1  1   0  1   26068  850   1
0  1   1  1   26279  851   5
0  1   1  1   26284  852   5
1  1   1  0   26334  855   5
1  1   0  1   26337  856   1
1  0   0  1   26400  858   1
0  1   1  1   26556  859   5
0  1   1  1   26561  860   5
1  1   1  0   26608  862   1
0  1   1  0   26626  863   5
1  0   0  1   26661  864   1
0  1   1  0   26661  865   5
1  0   1  1   26736  867   1
1  1   1  0   26767  868   5
0  1   1  0   26887  870   5
0  1   1  0   26892  871   5
1  0   1  1   26970  872   5
1  1   1  0   27083  874   1
1  1   1  0   27105  875   1
1  0   0  1   27156  879   1
1  0   1  1   27182  880   1
1  0   1  1   27195  881   1
1  1   1  0   27213  882   5
1  0   1  1   27327  887   1
1  0   1  1   27327  888   1
1  1   1  0   27345  889   5
1  1   1  0   27354  890   1
0  1   1  0   27382  891   5
0  1   1  0   27411  894   5
1  0   1  1   27462  896   1
1  0   1  1   27480  897   5
1  1   1  0   27480  898   1
1  1   0  1   27542  903   1
1  0   1  1   27543  904   1
1  1   0  1   27550  905   1
1  0   1  1   27555  906   1
0  1   1  1   27753  907   5
0  1   1  1   27758  908   5
0  1   1  1   27761  909   5
0  1   1  1   27766  910   5
1  1   1  0   27784  911   5
1  1   1  0   27793  912   1
1  0   1  1   27809  913   1
1  1   1  0   27830  915   5
1  1   1  0   27839  917   1
1  0   1  1   27897  918   5
1  0   1  1   27951  920   1
1  1   1  0   27967  921   1
1  1   1  0   27969  922   1
1  0   1  1   28067  926   5
1  1   1  0   28112  927   1
1  1   1  0   28119  928   1
1  1   1  0   28140  929   1
1  0   0  1   28191  935   1
1  0   1  1   28211  936   5
1  0   1  1   28217  937   1
1  0   1  1   28227  938   1
1  1   1  0   28254  939   1
1  1   1  0   28260  940   1
1  1   1  0   28269  942   5
1  0   1  1   28352  949   1
1  1   1  0   28375  950   1
1  0   1  1   28383  951   1
1  0   1  1   28392  952   1
1  1   1  0   28401  953   5
1  1   1  0   28410  954   1
0  1   1  0   28417  955   5
0  1   1  0   28464  957   5
1  0   1  1   28515  962   1
1  0   1  1   28518  963   1
1  0   1  1   28518  964   5
1  1   1  0   28542  965   1
1  0   1  1   28593  969   1
1  1   0  1   28594  971   1
1  0   1  1   28596  972   1
1  1   0  1   28606  973   1
1  1   0  1   28624  975   1
1  0   1  1   28656  976   1
1  1   1  0   28674  977   5
0  1   1  1   28805  979   5
0  1   1  1   28810  980   5
0  1   1  1   28817  981   5
0  1   1  1   28834  982   5
0  1   1  1   28835  983   5
0  1   1  1   28846  985   5
1  1   1  0   28872  987   1
1  1   1  0   28873  988   1
1  1   1  0   28882  989   5
1  1   1  0   28889  990   5
1  0   0  1   28923  992   1
1  0   1  1   28973  995   5
0  1   1  0   29149  996   5
0  1   1  0   29154  997   5
1  0   1  1   29232  998   5
1  0   1  1   29280  1001   1
1  1   0  1   29290  1002   1
0  1   1  1   29501  1003   5
0  1   1  1   29506  1004   5
1  1   1  0   29552  1006   1
1  1   1  0   29556  1007   5
1  0   0  1   29604  1009   1
0  1   1  0   29830  1010   5
0  1   1  0   29835  1011   5
1  0   1  1   29913  1012   5
1  1   0  1   29980  1015   1
1  0   1  1   29982  1016   1
0  1   1  1   30191  1017   5
0  1   1  1   30196  1018   5
1  1   1  0   30237  1020   1
1  1   1  0   30246  1021   5
1  1   1  0   30248  1022   1
1  0   0  1   30288  1024   1
1  0   0  1   30312  1026   1
1  0   0  1   30324  1027   1
0  1   1  0   30514  1028   5
0  1   1  0   30519  1029   5
0  1   1  0   30538  1030   5
0  1   1  0   30550  1031   5
0  1   1  0   30582  1032   5
0  1   1  0   30597  1033   5
1  0   1  1   30612  1034   5
1  0   1  1   30651  1035   5
1  1   0  1   30720  1039   1
1  0   1  1   30723  1040   1
0  1   1  1   30931  1041   5
0  1   1  1   30936  1042   5
1  1   1  0   30986  1044   5
1  1   0  1   31002  1046   1
1  0   1  1   31035  1047   1
0  1   1  1   31213  1048   5
0  1   1  1   31218  1049   5
1  1   1  0   31260  1051   1
1  1   1  0   31268  1052   5
1  0   0  1   31311  1054   1
0  1   1  0   31537  1055   5
0  1   1  0   31542  1056   5
1  0   1  1   31620  1057   5
1  1   0  1   31689  1060   1
1  0   1  1   31692  1061   1
0  1   1  1   31900  1062   5
0  1   1  1   31905  1063   5
1  1   1  0   31946  1065   1
1  1   1  0   31955  1066   5
1  0   0  1   31998  1068   1
0  1   1  0   32224  1069   5
0  1   1  0   32229  1070   5
1  0   1  1   32307  1072   1
1  1   0  1   32338  1075   1
1  0   1  1   32354  1076   5
0  1   1  1   32549  1078   5
0  1   1  1   32554  1079   5
1  1   1  0   32589  1080   5
1  1   1  0   32652  1083   1
1  0   0  1   32661  1084   1
0  1   1  0   32887  1085   5
0  1   1  0   32892  1086   5
1  0   1  1   33015  1088   5
1  1   1  0   33102  1090   1
1  0   0  1   33114  1091   1
0  1   1  0   33340  1092   5
0  1   1  0   33345  1093   5
1  0   1  1   33444  1095   1
1  0   1  1   33468  1096   5
1  1   0  1   33475  1097   1
0  1   1  1   33686  1099   5
0  1   1  1   33691  1100   5
1  1   1  0   33726  1101   5
1  1   1  0   33748  1103   1
1  1   1  0   33749  1105   1
1  0   1  1   33759  1107   1
1  1   1  0   33763  1108   1
1  0   1  1   33773  1110   1
1  0   0  1   33804  1115   1
1  1   1  0   33821  1117   1
1  0   1  1   33848  1118   1
1  0   1  1   33850  1119   1
1  1   1  0   33873  1120   5
0  1   1  0   34030  1122   5
0  1   1  0   34035  1123   5
1  0   1  1   34113  1124   5
1  1   1  0   34158  1125   1
1  1   0  1   34202  1128   1
1  0   1  1   34224  1131   1
1  0   1  1   34256  1132   1
0  1   1  1   34413  1133   5
0  1   1  1   34418  1134   5
1  1   1  0   34459  1136   1
1  1   1  0   34468  1137   5
1  0   0  1   34512  1139   1
0  1   1  0   34738  1140   5
0  1   1  0   34743  1141   5
1  0   1  1   34821  1142   5
1  1   1  0   34888  1145   1
1  1   0  1   34901  1147   1
1  0   1  1   34941  1148   1
1  0   0  1   34941  1149   1
1  1   1  0   34959  1150   5
1  0   1  1   35046  1152   1
0  1   1  1   35112  1154   5
0  1   1  1   35117  1155   5
1  1   1  0   35167  1157   5
0  1   1  0   35176  1158   5
0  1   1  0   35181  1159   5
1  0   0  1   35304  1164   1
1  0   1  1   35306  1165   5
1  1   1  0   35362  1166   1
0  1   1  0   35530  1167   5
0  1   1  0   35535  1168   5
1  0   1  1   35643  1170   1
1  0   1  1   35658  1171   5
1  1   0  1   35674  1172   1
0  1   1  1   35885  1174   5
0  1   1  1   35890  1175   5
1  1   1  0   35925  1176   5
1  1   1  0   35980  1178   1
1  0   0  1   36033  1180   1
0  1   1  0   36259  1181   5
0  1   1  0   36264  1182   5
1  0   1  1   36342  1183   5
1  1   0  1   36411  1186   1
1  0   1  1   36417  1187   1
0  1   1  1   36622  1188   5
0  1   1  1   36627  1189   5
1  1   1  0   36675  1191   1
1  1   1  0   36677  1192   5
1  0   0  1   36726  1194   1
0  1   1  0   36952  1195   5
0  1   1  0   36957  1196   5
1  0   1  1   37035  1197   5
1  1   1  0   37095  1201   1
1  0   1  1   37103  1202   5
1  1   0  1   37110  1203   1
1  0   1  1   37122  1204   1
0  1   1  1   37321  1206   5
0  1   1  1   37326  1207   5
1  1   1  0   37351  1208   5
1  1   1  0   37361  1209   1
1  0   1  1   37376  1210   1
1  0   1  1   37389  1211   1
1  1   0  1   37420  1214   1
0  1   1  1   37631  1215   5
0  1   1  1   37636  1216   5
1  1   1  0   37671  1217   5
1  1   0  1   37708  1221   1
1  0   1  1   37713  1222   1
1  1   0  1   37714  1223   1
0  1   1  1   37919  1224   5
0  1   1  1   37924  1225   5
0  1   1  1   37925  1226   5
0  1   1  1   37930  1227   5
1  1   1  0   37988  1230   1
1  1   1  0   37996  1231   5
1  0   0  1   38040  1233   1
0  1   1  0   38266  1234   5
0  1   1  0   38271  1235   5
1  0   1  1   38349  1236   5
1  1   1  0   38395  1238   1
1  0   0  1   38448  1240   1
0  1   1  0   38674  1241   5
0  1   1  0   38679  1242   5
1  0   1  1   38757  1243   5
1  1   1  0   38804  1245   1
1  0   0  1   38856  1247   1
0  1   1  0   39082  1248   5
0  1   1  0   39087  1249   5
1  0   1  1   39165  1251   1
1  1   0  1   39196  1254   1
1  0   1  1   39212  1255   5
0  1   1  1   39407  1257   5
0  1   1  1   39412  1258   5
1  1   1  0   39447  1259   5
1  1   1  0   39465  1261   1
1  0   0  1   39516  1263   1
0  1   1  0   39742  1264   5
0  1   1  0   39747  1265   5
1  0   1  1   39852  1267   1
1  0   1  1   39870  1268   5
1  1   0  1   39883  1269   1
0  1   1  1   40094  1271   5
0  1   1  1   40099  1272   5
1  1   1  0   40134  1273   5
1  1   1  0   40165  1275   1
1  0   0  1   40218  1277   1
0  1   1  0   40444  1278   5
0  1   1  0   40449  1279   5
1  0   1  1   40527  1280   5
1  1   0  1   40635  1283   1
1  0   1  1   40680  1284   1
0  1   1  1   40846  1285   5
0  1   1  1   40851  1286   5
1  1   1  0   40890  1288   1
1  1   1  0   40901  1289   5
1  0   0  1   40941  1291   1
0  1   1  0   41167  1292   5
0  1   1  0   41172  1293   5
1  0   1  1   41250  1294   5
1  0   1  1   41298  1297   1
1  1   0  1   41308  1298   1
0  1   1  1   41519  1299   5
0  1   1  1   41524  1300   5
1  1   1  0   41574  1303   5
1  1   1  0   41579  1304   1
1  0   1  1   41597  1306   1
1  1   0  1   41601  1307   1
1  0   1  1   41607  1308   1
1  0   0  1   41655  1313   1
1  1   1  0   41655  1314   1
0  1   1  1   41812  1315   5
0  1   1  1   41817  1316   5
0  1   1  0   41881  1319   5
1  1   1  0   41882  1320   1
0  1   1  0   41886  1321   5
1  0   1  1   41891  1322   5
1  1   1  0   41898  1323   1
1  0   0  1   41949  1325   1
1  0   1  1   41997  1327   1
1  1   1  0   42028  1328   5
0  1   1  0   42175  1330   5
0  1   1  0   42180  1331   5
1  0   1  1   42258  1332   5
1  1   0  1   42325  1335   1
1  0   1  1   42327  1336   1
0  1   1  1   42536  1337   5
0  1   1  1   42541  1338   5
1  1   1  0   42591  1340   5
1  0   1  1   42612  1341   1
1  1   1  0   42627  1342   1
1  1   0  1   42643  1343   1
1  0   0  1   42678  1344   1
0  1   1  1   42854  1345   5
0  1   1  1   42859  1346   5
1  1   1  0   42894  1347   5
0  1   1  0   42904  1348   5
0  1   1  0   42909  1349   5
1  0   0  1   42969  1351   1
1  0   1  1   42987  1352   5
1  1   1  0   43035  1354   1
1  1   0  1   43049  1355   1
1  0   0  1   43086  1356   1
0  1   1  0   43195  1357   5
0  1   1  0   43200  1358   5
0  1   1  1   43260  1359   5
0  1   1  1   43265  1360   5
0  1   1  0   43312  1364   5
1  1   0  1   43328  1366   1
1  0   0  1   43335  1367   1
0  1   1  0   43335  1368   5
1  0   1  1   43404  1369   5
0  1   1  1   43539  1370   5
0  1   1  1   43544  1371   5
0  1   1  0   43561  1372   5
0  1   1  0   43566  1373   5
1  1   1  0   43590  1375   1
1  0   0  1   43641  1376   1
1  0   1  1   43653  1378   1
1  1   0  1   43684  1379   1
0  1   1  0   43867  1380   5
0  1   1  0   43872  1381   5
0  1   1  1   43895  1382   5
0  1   1  1   43900  1383   5
1  1   1  0   43935  1384   5
1  0   1  1   43950  1385   5
1  1   1  0   43998  1388   1
1  1   0  1   44012  1389   1
1  0   1  1   44016  1390   1
1  1   1  0   44034  1391   1
1  0   0  1   44049  1392   1
1  0   0  1   44142  1395   1
0  1   1  1   44223  1396   5
0  1   1  1   44228  1397   5
0  1   1  0   44275  1399   5
0  1   1  0   44280  1400   5
1  0   1  1   44358  1401   5
0  1   1  0   44368  1402   5
0  1   1  0   44373  1403   5
1  1   1  0   44403  1404   1
1  0   1  1   44460  1406   1
1  1   0  1   44491  1407   1
0  1   1  1   44702  1408   5
0  1   1  1   44707  1409   5
1  1   1  0   44742  1410   5
1  0   1  1   44752  1411   1
1  1   0  1   44784  1414   1
1  0   0  1   44826  1415   1
0  1   1  1   44995  1416   5
0  1   1  1   45000  1417   5
0  1   1  0   45052  1419   5
0  1   1  0   45057  1420   5
1  0   0  1   45255  1424   1
1  0   0  1   45261  1425   1
0  1   1  0   45481  1426   5
0  1   1  0   45486  1427   5
0  1   1  0   45490  1428   5
0  1   1  0   45495  1429   5
1  0   1  1   45612  1432   1
1  1   0  1   45643  1433   1
0  1   1  1   45854  1434   5
0  1   1  1   45859  1435   5
1  1   1  0   45894  1436   5
1  0   0  1   46023  1439   1
1  0   1  1   46035  1440   1
1  1   1  0   46053  1441   1
1  1   1  0   46070  1442   1
1  0   0  1   46122  1444   1
0  1   1  0   46249  1445   5
0  1   1  0   46254  1446   5
0  1   1  0   46348  1448   5
0  1   1  0   46353  1449   5
1  0   1  1   46431  1450   5
1  0   1  1   46815  1451   1
1  1   0  1   46846  1452   1
0  1   1  1   47057  1453   5
0  1   1  1   47062  1454   5
1  1   1  0   47097  1455   5
1  0   0  1   47172  1458   1
1  0   0  1   47175  1459   1
0  1   1  0   47398  1460   5
0  1   1  0   47403  1461   5
0  1   1  0   47407  1462   5
0  1   1  0   47412  1463   5
1  0   1  1   47529  1466   1
1  1   0  1   47560  1467   1
0  1   1  1   47771  1468   5
0  1   1  1   47776  1469   5
1  1   1  0   47811  1470   5
1  0   0  1   47898  1472   1
0  1   1  0   48124  1473   5
0  1   1  0   48129  1474   5
1  0   0  1   48264  1477   1
0  1   1  0   48490  1478   5
0  1   1  0   48495  1479   5
1  0   0  1   48630  1482   1
0  1   1  0   48856  1483   5
0  1   1  0   48861  1484   5
1  0   1  1   48948  1486   1
1  1   0  1   48979  1487   1
0  1   1  1   49190  1488   5
0  1   1  1   49195  1489   5
1  1   1  0   49230  1490   5
1  0   0  1   49332  1492   1
0  1   1  0   49558  1493   5
0  1   1  0   49563  1494   5
1  0   1  1   49665  1496   1
1  1   0  1   49696  1497   1
0  1   1  1   49907  1498   5
0  1   1  1   49912  1499   5
1  1   1  0   49947  1500   5
1  0   0  1   50025  1502   1
0  1   1  0   50251  1503   5
0  1   1  0   50256  1504   5
1  0   1  1   50370  1506   1
1  1   0  1   50401  1507   1
0  1   1  1   50612  1508   5
0  1   1  1   50617  1509   5
1  1   1  0   50652  1510   5
1  0   1  1   50694  1511   1
1  1   0  1   50725  1512   1
0  1   1  1   50936  1513   5
0  1   1  1   50941  1514   5
1  1   1  0   50976  1515   5
1  0   0  1   51054  1517   1
0  1   1  0   51280  1518   5
0  1   1  0   51285  1519   5
1  0   1  1   51420  1522   1
1  0   1  1   51423  1523   1
1  1   1  0   51438  1524   1
1  1   0  1   51460  1525   1
0  1   1  1   51671  1527   5
0  1   1  1   51676  1528   5
1  1   1  0   51711  1529   5
1  0   0  1   51786  1531   1
0  1   1  0   52012  1532   5
0  1   1  0   52017  1533   5
1  0   1  1   52107  1535   1
1  1   0  1   52138  1536   1
0  1   1  1   52349  1537   5
0  1   1  1   52354  1538   5
1  1   1  0   52389  1539   5
1  0   0  1   52548  1541   1
0  1   1  0   52774  1542   5
0  1   1  0   52779  1543   5
1  0   1  1   52884  1545   1
1  1   0  1   52915  1546   1
0  1   1  1   53126  1547   5
0  1   1  1   53131  1548   5
1  1   1  0   53166  1549   5
1  0   0  1   53238  1551   1
0  1   1  0   53464  1552   5
0  1   1  0   53469  1553   5
1  0   1  1   53745  1555   1
1  1   1  0   53793  1558   1
1  0   0  1   53871  1560   1
0  1   1  0   54097  1561   5
0  1   1  0   54102  1562   5
1  0   0  1   54261  1565   1
0  1   1  0   54487  1566   5
0  1   1  0   54492  1567   5
1  0   1  1   54633  1569   1
1  1   0  1   54664  1570   1
0  1   1  1   54875  1571   5
0  1   1  1   54880  1572   5
1  1   1  0   54915  1573   5
1  0   0  1   54993  1575   1
0  1   1  0   55219  1576   5
0  1   1  0   55224  1577   5
1  0   1  1   55320  1581   1
1  1   0  1   55351  1582   1
1  0   0  1   55356  1583   1
0  1   1  1   55562  1584   5
0  1   1  1   55567  1585   5
0  1   1  0   55582  1586   5
0  1   1  0   55587  1587   5
1  1   1  0   55602  1588   5
1  0   1  1   55689  1593   1
1  0   0  1   55716  1594   1
1  1   0  1   55720  1595   1
0  1   1  1   55931  1596   5
0  1   1  1   55936  1597   5
0  1   1  0   55942  1598   5
0  1   1  0   55947  1599   5
1  1   1  0   55971  1600   5
1  0   0  1   56055  1602   1
1  0   1  1   56058  1605   1
1  1   0  1   56095  1606   1
0  1   1  0   56281  1607   5
0  1   1  0   56286  1608   5
0  1   1  1   56306  1609   5
0  1   1  1   56311  1610   5
1  1   1  0   56346  1611   5
1  0   1  1   56412  1613   1
1  1   0  1   56443  1614   1
0  1   1  1   56654  1615   5
0  1   1  1   56659  1616   5
1  1   1  0   56694  1617   5
1  0   1  1   57168  1618   1
1  1   0  1   57199  1619   1
0  1   1  1   57410  1620   5
0  1   1  1   57415  1621   5
1  1   1  0   57450  1622   5
1  0   0  1   57543  1624   1
0  1   1  0   57769  1625   5
0  1   1  0   57774  1626   5
1  0   1  1   58446  1628   1
1  1   0  1   58477  1629   1
0  1   1  1   58688  1630   5
0  1   1  1   58693  1631   5
1  1   1  0   58728  1632   5
1  0   1  1   58748  1633   1
1  0   0  1   59043  1635   1
0  1   1  0   59269  1636   5
0  1   1  0   59274  1637   5
1  0   1  1   59727  1639   1
1  1   0  1   59758  1640   1
0  1   1  1   59969  1641   5
0  1   1  1   59974  1642   5
1  1   1  0   60009  1643   5
1  0   0  1   60144  1645   1
0  1   1  0   60370  1646   5
0  1   1  0   60375  1647   5
1  0   0  1   60996  1650   1
0  1   1  0   61222  1651   5
0  1   1  0   61227  1652   5
1  0   1  1   61686  1654   1
1  1   0  1   61717  1655   1
0  1   1  1   61928  1656   5
0  1   1  1   61933  1657   5
1  1   1  0   61968  1658   5
1  0   0  1   62394  1660   1
0  1   1  0   62620  1661   5
0  1   1  0   62625  1662   5
1  0   1  1   62751  1664   1
1  1   0  1   62782  1665   1
0  1   1  1   62993  1666   5
0  1   1  1   62998  1667   5
1  1   1  0   63033  1668   5
1  0   1  1   63411  1669   1
1  1   0  1   63442  1670   1
0  1   1  1   63653  1671   5
0  1   1  1   63658  1672   5
1  1   1  0   63693  1673   5
1  0   0  1   64086  1675   1
0  1   1  0   64312  1676   5
0  1   1  0   64317  1677   5
1  0   1  1   64875  1679   1
1  1   0  1   64906  1680   1
0  1   1  1   65117  1681   5
0  1   1  1   65122  1682   5
1  1   1  0   65157  1683   5
1  0   0  1   65493  1685   1
0  1   1  0   65719  1686   5
0  1   1  0   65724  1687   5
1  0   0  1   65907  1690   1
0  1   1  0   66133  1691   5
0  1   1  0   66138  1692   5
1  0   1  1   66678  1694   1
1  1   0  1   66709  1695   1
0  1   1  1   66920  1696   5
0  1   1  1   66925  1697   5
1  1   1  0   66960  1698   5
1  0   0  1   67182  1700   1
0  1   1  0   67408  1701   5
0  1   1  0   67413  1702   5
1  0   1  1   67821  1704   1
1  1   0  1   67852  1705   1
0  1   1  1   68063  1706   5
0  1   1  1   68068  1707   5
1  1   1  0   68103  1708   5
1  0   0  1   68517  1710   1
0  1   1  0   68743  1711   5
0  1   1  0   68748  1712   5
1  0   1  1   69120  1714   1
1  1   0  1   69151  1715   1
0  1   1  1   69362  1716   5
0  1   1  1   69367  1717   5
1  1   1  0   69402  1718   5
1  0   1  1   69513  1719   1
1  1   0  1   69544  1720   1
0  1   1  1   69755  1721   5
0  1   1  1   69760  1722   5
1  1   1  0   69795  1723   5
1  0   0  1   70056  1725   1
0  1   1  0   70282  1726   5
0  1   1  0   70287  1727   5
1  0   1  1   70731  1729   1
1  1   0  1   70762  1730   1
0  1   1  1   70973  1731   5
0  1   1  1   70978  1732   5
1  1   1  0   71013  1733   5
1  0   0  1   71481  1735   1
0  1   1  0   71707  1736   5
0  1   1  0   71712  1737   5
1  0   1  1   72105  1739   1
1  1   0  1   72136  1740   1
0  1   1  1   72347  1741   5
0  1   1  1   72352  1742   5
1  1   1  0   72387  1743   5
1  0   0  1   72633  1745   1
0  1   1  0   72859  1746   5
0  1   1  0   72864  1747   5
1  0   0  1   73215  1750   1
0  1   1  0   73441  1751   5
0  1   1  0   73446  1752   5
1  0   1  1   73785  1754   1
1  1   0  1   73816  1755   1
0  1   1  1   74027  1756   5
0  1   1  1   74032  1757   5
1  1   1  0   74067  1758   5
1  0   0  1   74460  1760   1
0  1   1  0   74686  1761   5
0  1   1  0   74691  1762   5
1  0   1  1   75135  1764   1
1  1   0  1   75166  1765   1
0  1   1  1   75377  1766   5
0  1   1  1   75382  1767   5
1  1   1  0   75417  1768   5
1  0   0  1   76002  1770   1
0  1   1  0   76228  1771   5
0  1   1  0   76233  1772   5
1  0   1  1   76326  1774   1
1  1   0  1   76357  1775   1
0  1   1  1   76568  1776   5
0  1   1  1   76573  1777   5
1  1   1  0   76608  1778   5
1  0   0  1   76704  1780   1
0  1   1  0   76930  1781   5
0  1   1  0   76935  1782   5
1  0   1  1   77034  1784   1
1  1   0  1   77065  1785   1
0  1   1  1   77276  1786   5
0  1   1  1   77281  1787   5
1  1   1  0   77316  1788   5
1  0   0  1   77400  1790   1
0  1   1  0   77626  1791   5
0  1   1  0   77631  1792   5
1  0   1  1   85740  1794   1
1  0   1  1   85752  1795   1
1  1   0  1   85771  1796   1
1  1   0  1   85783  1797   1
0  1   1  1   85982  1798   5
0  1   1  1   85987  1799   5
0  1   1  1   85994  1800   5
0  1   1  1   86011  1801   5
1  1   1  0   86022  1802   5
1  1   1  0   86044  1803   5
1  0   0  1   220278  1805   1
0  1   1  0   220504  1806   5
0  1   1  0   220509  1807   5
1  0   0  1   221625  1810   1
0  1   1  0   221851  1811   5
0  1   1  0   221856  1812   5
1  0   1  1   222042  1814   1
1  1   1  0   222090  1817   1
1  0   1  1   222098  1818   5
1  0   1  1   222189  1821   1
1  1   1  0   222220  1822   5
1  0   1  1   222360  1825   1
1  0   1  1   222366  1826   1
1  1   1  0   222400  1829   5
1  1   1  0   222408  1830   5
1  0   1  1   222447  1832   1
1  1   1  0   222478  1833   5
1  0   1  1   222486  1834   1
1  1   1  0   222504  1835   1
1  0   1  1   222645  1841   1
1  1   0  1   222676  1843   1
1  0   1  1   222693  1844   1
1  1   1  0   222711  1845   1
0  1   1  1   222887  1847   5
0  1   1  1   222892  1848   5
1  1   1  0   222927  1849   5
1  0   1  1   222957  1851   1
1  1   0  1   222988  1852   1
1  0   0  1   222999  1853   1
0  1   1  1   223199  1854   5
0  1   1  1   223204  1855   5
0  1   1  0   223225  1856   5
0  1   1  0   223230  1857   5
1  1   1  0   223239  1858   5
1  0   1  1   223638  1862   1
1  0   0  1   223683  1866   1
1  1   1  0   223686  1867   1
1  1   1  0   223713  1869   1
1  0   1  1   223721  1870   5
0  1   1  0   223909  1872   5
0  1   1  0   223914  1873   5
1  0   1  1   224010  1875   1
1  1   0  1   224041  1876   1
0  1   1  1   224252  1877   5
0  1   1  1   224257  1878   5
1  1   1  0   224292  1879   5
1  1   1  0   224885  1884   1
1  1   1  0   224924  1885   1
1  0   0  1   224937  1887   1
1  1   1  0   224940  1888   1
1  0   1  1   224948  1889   1
1  0   1  1   224976  1890   5
1  1   1  0   225019  1892   1
1  0   0  1   225072  1893   1
0  1   1  0   225163  1894   5
0  1   1  0   225168  1895   5
1  0   1  1   225246  1896   5
0  1   1  0   225298  1898   5
0  1   1  0   225303  1899   5
1  1   1  0   225304  1900   1
1  0   1  1   225314  1901   1
1  0   1  1   225381  1903   5
1  1   0  1   225483  1907   1
0  1   1  1   225694  1908   5
0  1   1  1   225699  1909   5
1  1   1  0   225739  1911   1
1  1   0  1   225823  1913   1
0  1   1  1   226034  1914   5
0  1   1  1   226039  1915   5
1  0   1  1   226049  1916   1
1  1   1  0   226076  1918   1
1  0   1  1   226175  1921   5
1  1   1  0   226216  1922   1
1  1   1  0   226221  1923   1
1  0   1  1   226316  1928   1
1  0   1  1   226319  1929   1
1  1   1  0   226355  1932   1
1  0   1  1   226389  1933   1
1  0   1  1   226389  1934   1
1  0   0  1   226407  1935   1
1  1   1  0   226407  1936   5
1  1   1  0   226416  1937   5
1  0   1  1   226545  1940   1
1  1   1  0   226576  1941   5
1  0   1  1   226611  1942   1
0  1   1  0   226633  1943   5
0  1   1  0   226638  1944   5
1  1   0  1   226642  1945   1
1  0   1  1   226716  1948   5
1  0   1  1   226761  1950   1
