99
745
826
844
223
846
178
855
989
337
644
100
965
114
782
795
415
319
344
127
655
625
195
686
513
586
391
89
647
651
928
98
396
106
942
971
952
473
826
941
810
822
394
775
288
528
922
704
847
619
831
855
596
26
541
109
612
284
550
611
935
478
709
683
585
4
655
889
829
833
183
639
656
577
766
944
105
40
0
305
11
831
160
607
857
53
717
822
337
619
433
625
98
495
308
35
851
315
924
680
149
459
671
157
36
789
453
494
829
454
799
841
285
311
800
495
716
869
317
53
489
102
678
939
597
339
974
800
6
250
832
155
710
503
664
746
292
470
592
474
924
743
667
561
406
467
56
122
689
725
176
530
828
206
469
777
897
443
578
904
693
410
411
403
266
428
502
558
898
446
32
174
190
51
735
596
871
144
71
560
869
599
90
697
157
559
475
55
354
405
311
47
167
722
803
433
150
657
992
400
455
376
574
645
780
310
594
651
806
665
211
675
616
653
725
773
564
552
828
918
957
139
317
476
214
472
910
716
481
254
469
937
982
43
934
762
705
880
413
511
897
976
539
513
629
264
287
193
168
467
463
477
959
781
953
173
605
863
241
87
117
710
24
100
754
310
214
811
191
628
323
88
604
862
602
586
478
241
131
646
708
595
123
667
728
76
192
333
292
434
772
409
144
796
861
250
459
76
62
650
56
737
738
12
951
692
598
429
933
82
427
994
677
550
661
757
978
854
90
270
640
863
32
136
11
893
739
470
321
801
472
729
890
563
742
841
255
692
622
541
774
49
887
803
599
548
560
577
754
3
200
394
218
232
883
581
477
622
404
151
775
876
880
665
439
974
858
47
667
480
940
793
881
827
597
832
727
509
761
834
864
961
580
82
193
463
16
671
85
420
822
212
648
54
877
88
29
87
487
48
919
779
193
800
958
790
984
37
652
746
871
516
707
804
951
253
267
967
924
705
739
98
917
387
152
147
827
533
586
666
933
506
445
127
658
403
269
643
793
921
389
664
790
448
820
741
701
88
60
625
145
799
75
414
186
580
561
366
465
148
32
399
6
478
878
664
233
147
307
26
421
48
43
211
497
863
304
198
303
364
176
448
515
251
863
53
183
776
419
649
276
452
400
282
282
278
947
867
425
606
246
846
655
641
409
504
856
65
702
160
781
230
960
296
834
175
702
17
304
121
18
580
925
418
863
559
696
162
427
474
768
673
672
775
666
82
279
522
147
334
682
281
564
995
577
750
522
279
768
826
753
138
759
30
557
622
590
253
136
17
727
256
42
752
32
708
834
663
230
333
349
265
614
266
612
544
16
134
175
136
313
928
275
72
959
832
46
549
437
182
918
517
438
312
269
822
372
455
838
954
140
187
571
107
453
183
651
470
670
826
958
335
107
233
407
418
417
453
319
855
987
589
724
777
901
345
600
625
800
438
579
940
977
151
399
431
686
50
253
708
229
211
43
688
797
450
106
566
255
777
421
242
366
497
372
619
842
972
244
994
762
823
935
739
326
686
522
365
737
775
73
318
339
117
358
488
919
816
54
527
593
828
769
311
325
141
930
520
465
526
514
227
349
801
319
28
488
841
393
577
969
466
895
660
935
253
148
855
421
202
382
14
382
503
325
708
997
607
228
814
133
742
394
834
896
713
862
384
906
607
961
875
426
208
535
361
813
683
568
234
238
950
248
972
806
925
680
803
532
260
969
17
355
363
851
251
76
66
635
983
673
948
210
99
156
746
813
969
781
381
203
371
332
803
344
490
728
376
645
612
989
614
629
344
978
480
947
406
898
934
741
572
882
952
23
390
50
836
359
831
570
562
555
254
365
251
744
445
627
389
57
616
3
38
312
333
518
611
740
417
545
481
341
779
785
716
169
835
905
880
19
475
794
574
729
511
177
473
956
804
214
365
773
217
403
437
903
274
49
643
43
946
476
384
78
262
452
599
449
357
480
468
832
274
394
561
786
571
386
94
728
600
460
501
170
863
290
73
489
339
68
532
638
544
268
716
158
721
315
608
78
795
428
911
422
823
824
208
746
211
302
474
163
114
327
333
978
618
758
467
309
826
352
947
723
620
663
233
341
979
841
772
126
270
35
548
445
859
108
191
422
763
666
586
877
345
271
207
963
30
27
273
208
379
220
931
999
884
165
693
215
358
465
341
980
500
242
425
711
350
617
486
465
635
72
343
980
695
550
944
725
929
569
934
308
789
217
660
25
734
705
592
93
522
286
73
374
528
499
85
230
468
571
696
103
995
391
435
691
293
