0 125 9
0 177 4
0 249 9
0 123 2
1 109 8
1 65 6
1 214 8
2 79 2
2 246 5
3 138 1
3 139 5
3 201 3
4 198 5
4 221 4
5 46 2
5 21 8
5 239 3
5 25 4
5 49 4
6 70 5
6 64 6
6 231 3
6 18 6
7 241 9
7 245 9
7 0 6
8 103 5
9 216 9
9 213 5
9 121 3
10 194 5
11 75 5
12 40 9
12 127 5
13 48 2
13 48 3
13 127 2
13 227 2
16 150 5
16 45 1
16 223 7
16 38 5
16 73 8
17 78 5
17 224 3
17 150 9
17 230 9
17 87 1
18 15 7
18 165 5
19 125 1
19 166 9
19 153 9
19 219 5
20 38 4
20 230 2
20 239 4
21 166 2
22 153 3
22 151 8
22 37 2
23 183 2
23 17 7
23 221 6
23 145 3
23 35 1
23 110 6
23 73 3
24 35 8
24 69 3
24 129 3
24 199 7
25 138 4
25 145 1
25 58 6
25 117 3
26 58 3
26 179 5
26 166 4
26 105 3
27 95 3
27 109 7
27 7 5
27 153 8
27 134 1
28 81 2
28 252 4
28 62 5
29 98 2
29 99 9
29 129 4
29 201 6
30 114 2
30 213 5
31 58 8
32 219 5
33 203 5
33 9 7
33 10 1
33 162 1
34 18 5
34 55 4
34 69 1
35 5 5
35 146 3
35 151 7
36 56 1
36 140 5
36 213 4
37 240 3
37 196 1
38 225 2
38 106 5
38 95 8
38 77 4
38 83 3
40 161 2
40 219 5
41 2 7
41 49 7
42 62 4
42 243 6
43 90 6
43 22 2
44 93 1
44 207 6
45 87 1
46 131 5
46 15 1
47 83 9
47 95 7
47 25 8
47 201 7
47 95 3
47 4 1
48 199 9
48 154 3
49 194 5
49 118 9
50 90 8
50 237 7
51 209 5
51 83 1
51 154 7
51 133 6
52 158 1
52 212 2
52 126 4
52 154 9
52 66 8
54 36 5
54 100 3
54 147 8
54 65 7
56 20 2
56 217 8
56 61 7
57 192 2
57 55 5
57 100 5
58 106 4
58 115 7
58 179 4
60 5 2
60 43 9
61 97 5
61 219 2
62 87 8
62 74 9
63 190 9
64 169 7
64 252 4
64 180 9
65 63 3
65 94 7
65 49 1
67 110 4
67 187 3
67 8 7
67 35 3
68 82 4
69 55 6
69 17 8
69 220 7
70 76 2
70 193 9
70 248 5
71 97 4
72 169 5
72 192 1
72 74 2
72 31 2
73 63 3
73 220 6
74 211 1
74 76 8
74 253 1
75 82 7
75 102 5
75 59 3
75 43 3
76 197 1
76 244 6
76 30 9
76 241 7
76 249 5
78 69 3
79 195 8
79 197 8
79 33 7
80 37 4
80 123 4
80 63 5
81 114 9
84 39 5
84 53 7
85 143 8
86 173 5
86 13 6
86 234 3
86 178 3
86 156 4
87 216 4
87 120 1
88 234 6
88 69 9
88 248 7
89 23 4
89 200 9
89 253 6
90 186 1
90 24 2
91 17 9
91 13 1
91 165 6
91 8 4
92 225 4
92 49 2
92 248 2
93 200 8
93 136 1
93 238 3
93 10 5
96 139 1
97 227 2
97 162 9
97 192 7
97 199 7
97 16 5
98 225 8
99 36 5
99 12 4
99 90 2
99 119 5
99 41 3
100 158 6
100 199 2
101 122 7
101 249 8
101 7 7
102 155 9
103 23 1
103 54 6
103 159 5
104 87 1
105 220 7
105 132 6
105 167 1
105 112 3
105 12 8
105 244 8
106 211 7
106 113 2
106 147 6
107 11 2
107 149 6
108 58 3
108 48 3
108 16 1
108 65 9
109 76 5
109 67 9
109 18 2
111 136 4
111 36 2
111 42 1
111 244 1
112 229 2
113 244 4
113 73 7
113 245 5
114 21 6
115 59 1
115 62 1
115 252 6
116 153 2
117 128 1
117 114 5
118 29 2
119 176 9
119 213 1
119 237 4
119 144 9
120 228 7
120 242 8
121 113 7
121 198 7
121 212 4
123 31 9
123 1 2
123 16 9
124 3 1
124 5 1
124 124 8
125 127 8
126 199 9
127 60 1
127 149 2
128 138 4
128 187 8
128 204 4
129 41 3
129 124 8
130 48 4
130 214 4
131 208 1
131 5 7
132 60 9
132 85 7
133 20 8
133 249 2
133 232 2
133 16 3
134 77 2
135 31 5
135 44 1
135 0 4
136 138 6
136 150 5
136 134 8
137 156 7
138 72 1
139 180 4
139 222 3
139 230 9
139 218 1
140 127 5
140 52 7
141 145 6
141 44 3
142 35 5
143 65 7
144 230 7
145 234 7
145 170 6
146 79 6
146 116 7
146 222 2
147 170 7
147 128 4
148 85 1
148 34 8
148 127 2
148 62 4
149 1 3
150 212 6
150 127 1
150 167 7
151 115 8
152 161 3
152 99 9
152 192 8
153 13 1
153 38 6
153 31 3
154 131 5
154 209 8
154 44 5
154 10 8
156 34 3
156 163 7
156 128 1
157 95 8
157 28 3
158 95 4
158 63 7
158 153 8
159 166 6
159 187 4
159 158 2
161 146 9
161 85 6
162 249 6
162 128 6
163 21 1
163 175 8
164 31 2
164 169 8
164 95 5
164 1 8
164 247 8
165 164 7
165 204 2
166 188 7
166 51 3
167 11 2
167 134 2
168 199 2
168 156 2
169 72 7
169 0 9
170 127 7
170 168 9
170 113 6
171 208 8
171 17 9
171 180 5
171 51 9
172 139 1
172 66 6
172 221 7
172 195 7
173 137 4
173 20 6
173 215 8
174 87 9
174 88 1
175 134 6
175 104 1
175 28 4
175 162 1
176 168 1
176 237 7
178 51 2
178 95 8
179 87 9
179 157 3
179 51 6
180 229 3
181 43 8
181 172 8
181 151 1
183 155 8
183 164 5
184 159 8
184 150 4
185 90 1
186 13 2
186 246 2
187 168 4
187 181 1
188 235 8
189 119 4
189 127 5
190 135 3
192 141 1
193 49 8
193 57 2
194 14 8
194 124 1
195 222 8
195 206 3
195 89 8
196 29 9
196 6 1
197 198 1
197 134 5
199 77 1
199 20 5
200 227 8
201 175 6
201 163 7
202 97 4
203 175 5
203 181 2
205 206 3
206 171 1
206 193 6
206 151 5
207 254 3
207 163 5
207 145 4
208 36 5
209 25 2
209 131 9
209 110 3
210 248 3
210 117 6
210 217 7
210 248 7
210 130 9
211 185 7
212 70 9
212 107 5
212 26 8
212 11 1
212 110 6
213 198 5
214 112 9
214 41 2
214 237 6
214 1 7
215 150 2
216 231 8
216 205 6
216 62 1
217 252 3
217 104 5
218 62 7
219 187 9
219 109 9
219 123 1
220 176 4
220 206 2
221 49 9
221 122 3
221 43 3
222 127 1
222 34 9
223 243 1
223 142 4
223 155 4
223 50 7
224 21 5
224 22 8
224 8 5
224 9 5
224 43 2
225 130 3
225 162 9
225 202 2
226 159 7
226 27 3
228 246 6
229 68 9
229 141 5
229 226 5
230 82 8
230 196 3
230 46 2
230 83 8
231 102 1
231 93 7
231 244 3
232 11 2
232 83 8
233 169 2
233 77 2
233 199 1
233 4 3
234 32 9
234 233 9
235 216 8
235 215 9
236 3 3
236 176 2
237 236 6
237 130 7
238 213 7
239 183 9
239 8 9
239 98 8
241 209 3
241 237 6
242 201 8
242 22 5
243 110 1
243 194 8
244 68 7
244 244 5
244 51 1
244 73 5
244 90 3
245 87 2
246 253 5
246 132 6
246 130 2
246 53 8
246 13 2
246 176 4
247 36 6
248 226 7
248 119 8
248 39 2
249 154 6
249 208 7
250 63 2
250 67 9
250 146 1
250 15 5
251 216 1
252 245 4
252 161 3
252 130 6
252 249 1
253 207 4
254 47 1
254 63 3
255 10 1
255 106 3
