2  7   0  6   45  2   1
0  6   2  7   284  3   5
0  6   2  7   289  4   5
2  7   0  6   453  7   1
0  6   2  7   692  8   5
0  6   2  7   697  9   5
2  7   2  2   816  11   1
2  2   0  2   875  12   1
1  4   2  7   1003  13   1
2  3   2  7   1003  14   1
1  3   2  4   1004  15   1
1  5   2  7   1004  16   1
1  7   2  7   1004  17   1
1  6   2  7   1005  18   1
2  2   2  7   1005  19   1
1  2   2  7   1006  20   1
2  4   2  7   1006  21   1
1  0   2  7   1008  22   1
1  1   2  7   1008  23   1
2  1   2  7   1008  24   1
2  5   2  7   1008  25   1
2  6   2  7   1009  26   1
2  0   2  7   1012  27   1
2  4   0  5   1050  28   1
2  7   1  7   1062  29   5
2  7   2  6   1062  30   5
2  7   2  5   1068  31   5
2  7   2  4   1093  32   5
2  7   1  6   1093  33   5
0  2   2  2   1096  34   5
0  2   2  2   1101  35   5
1  7   1  0   1106  36   1
2  6   1  0   1138  37   1
2  2   2  7   1143  38   5
2  7   2  3   1159  39   5
2  7   1  5   1159  40   5
2  5   1  0   1174  41   1
2  7   1  0   1203  42   1
2  4   1  0   1212  44   1
2  7   1  0   1215  45   1
1  0   0  1   1215  46   1
2  7   2  2   1240  47   5
2  7   1  4   1240  48   5
2  7   2  3   1240  49   1
1  6   1  0   1260  50   1
0  5   2  4   1284  51   5
2  3   1  0   1285  52   1
0  5   2  4   1289  53   5
1  5   1  0   1312  54   1
2  7   2  1   1315  55   5
2  7   2  0   1315  56   5
2  4   1  3   1350  57   5
2  2   1  0   1372  58   1
2  7   1  2   1381  59   5
2  7   1  1   1381  60   5
1  4   1  0   1400  61   1
1  3   1  1   1404  62   1
2  3   0  2   1438  63   1
1  1   0  1   1440  64   1
0  1   1  0   1441  65   5
2  1   1  0   1450  66   1
2  7   1  0   1450  67   5
0  1   1  0   1482  68   5
2  0   1  0   1488  69   1
1  0   2  1   1512  70   5
1  2   1  0   1518  71   1
1  0   2  0   1545  72   5
1  0   1  7   1551  73   5
1  1   1  0   1552  74   1
2  1   1  7   1558  75   1
2  1   1  0   1560  76   1
1  0   1  2   1581  77   5
2  0   1  7   1590  78   1
2  0   1  0   1594  79   1
1  0   1  4   1596  80   5
1  0   2  2   1596  81   5
1  0   1  5   1642  83   5
1  0   1  6   1642  84   5
1  7   0  6   1642  85   1
0  1   1  1   1651  86   5
0  1   1  1   1656  87   5
1  2   1  7   1658  88   1
1  2   1  0   1662  89   1
0  2   2  3   1666  90   5
0  2   2  3   1671  91   5
1  7   1  0   1680  93   1
1  1   1  3   1691  94   5
1  4   1  7   1704  95   1
1  4   1  0   1706  96   1
1  0   2  3   1708  97   5
1  0   2  4   1708  98   5
1  3   1  0   1736  99   1
2  3   2  7   1747  100   5
2  2   1  7   1748  101   1
2  2   1  0   1750  102   1
1  0   2  5   1774  103   5
1  0   2  6   1774  104   5
1  5   1  7   1784  105   1
1  5   1  0   1788  106   1
1  6   1  7   1821  107   1
2  3   1  7   1836  108   1
1  0   1  1   1840  109   5
0  6   1  7   1871  113   5
2  4   1  7   1872  114   1
1  0   2  7   1873  115   1
1  0   2  7   1873  116   1
1  0   1  7   1873  117   1
2  4   1  0   1876  118   1
0  6   1  7   1876  119   5
2  5   1  7   1917  120   1
1  7   2  4   1940  121   5
1  7   2  1   1940  122   5
1  1   1  7   1951  123   1
1  1   1  0   1953  124   1
1  7   2  3   1962  125   5
1  7   1  6   1962  126   5
2  6   1  7   1969  127   1
2  6   1  0   1971  128   1
1  7   2  2   1983  129   5
1  7   1  5   1983  130   5
2  4   1  0   2006  131   1
1  7   1  4   2027  132   5
1  7   1  2   2027  133   5
2  7   2  2   2028  134   1
2  7   2  3   2028  135   1
1  7   1  0   2036  138   1
2  7   1  4   2037  139   1
2  7   2  1   2037  140   1
1  7   1  0   2038  141   1
2  1   2  0   2056  142   1
2  1   1  0   2057  143   1
2  1   1  0   2058  144   1
2  3   1  0   2077  145   1
1  7   2  0   2081  146   5
1  7   2  5   2081  147   5
1  7   2  0   2081  148   1
1  6   1  0   2082  149   1
1  6   2  0   2082  150   1
1  6   1  0   2085  151   1
2  2   0  2   2087  152   1
1  6   1  0   2088  153   1
2  3   2  0   2089  154   1
2  3   1  0   2091  155   1
2  3   1  0   2092  156   1
2  0   0  1   2092  157   1
1  4   0  5   2098  158   1
2  3   0  2   2098  159   1
2  1   0  1   2121  160   1
2  4   2  0   2124  161   1
2  4   1  0   2128  162   1
2  2   2  0   2133  163   1
2  2   1  0   2134  164   1
2  2   1  0   2135  165   1
1  0   2  1   2141  166   1
1  7   2  6   2141  167   5
1  7   1  1   2141  168   5
1  5   2  0   2146  169   1
1  5   1  0   2148  170   1
1  5   1  0   2150  171   1
2  1   2  5   2162  172   1
1  0   1  3   2174  173   1
1  4   2  0   2185  174   1
1  4   1  0   2186  175   1
1  4   1  0   2187  176   1
1  3   1  4   2206  177   1
2  5   0  5   2212  178   1
1  7   1  0   2213  179   5
1  4   0  5   2232  180   1
1  2   2  0   2258  181   1
1  2   1  0   2260  182   1
1  2   1  0   2262  183   1
0  2   2  2   2308  184   5
2  5   1  0   2311  185   1
2  5   2  0   2311  186   1
2  5   1  0   2313  187   1
0  2   2  2   2313  188   5
2  5   1  0   2314  189   1
0  1   2  0   2318  190   5
0  5   1  4   2318  191   5
0  5   1  4   2323  192   5
0  1   2  0   2323  193   5
0  2   2  3   2332  194   5
0  1   2  1   2337  195   5
0  2   2  3   2337  196   5
0  1   2  1   2342  198   5
2  0   1  0   2344  199   1
2  6   2  0   2345  200   1
1  0   2  4   2345  201   1
2  6   1  0   2346  202   1
2  0   1  0   2346  203   1
2  6   1  0   2347  204   1
2  2   2  7   2355  205   5
1  4   2  7   2363  206   5
1  0   2  1   2384  207   1
2  1   2  7   2385  208   5
2  4   2  3   2390  209   1
1  1   2  0   2403  210   1
1  1   1  0   2404  211   1
2  0   1  7   2404  212   5
1  1   1  0   2405  213   1
2  1   2  3   2405  214   1
2  3   2  7   2413  215   5
2  7   1  0   2415  216   1
2  0   2  6   2418  217   5
2  0   2  1   2418  218   5
2  3   0  2   2423  219   1
1  0   2  3   2432  220   1
0  5   2  5   2436  221   5
2  3   0  2   2438  222   1
0  5   2  5   2441  223   5
1  0   2  0   2443  224   1
1  0   2  0   2445  225   1
0  5   1  4   2452  228   5
2  0   1  1   2452  229   5
0  5   1  4   2457  230   5
2  0   2  5   2464  231   5
1  0   2  2   2465  233   1
2  0   1  2   2469  234   5
2  0   1  4   2469  235   5
2  0   1  0   2474  236   1
1  0   2  4   2474  237   1
2  1   1  0   2481  239   1
2  5   2  1   2490  240   5
2  2   2  3   2495  241   1
2  3   0  2   2497  242   1
1  4   1  3   2503  243   5
2  6   1  0   2506  244   1
1  1   1  0   2506  245   1
1  7   1  0   2516  246   1
2  0   1  5   2517  247   5
2  0   1  6   2517  248   5
2  4   2  3   2520  249   1
2  3   0  2   2524  250   1
1  0   0  1   2526  251   1
1  0   1  4   2540  252   1
1  0   1  5   2546  253   1
1  3   1  0   2548  254   1
1  3   1  2   2550  255   1
2  3   0  2   2555  256   1
2  5   1  0   2556  257   1
1  2   1  0   2558  258   1
2  0   2  4   2561  259   5
2  0   2  2   2561  260   5
1  0   1  6   2576  261   1
1  4   2  3   2581  262   1
1  5   2  3   2594  263   1
1  0   1  7   2594  264   1
1  4   1  0   2595  265   1
1  0   1  2   2597  266   1
1  2   0  2   2606  267   1
2  0   2  3   2609  268   5
2  0   1  0   2609  269   5
2  3   0  2   2620  271   1
1  2   2  3   2624  272   1
1  6   2  3   2634  273   1
1  5   1  0   2634  274   1
2  3   0  2   2641  275   1
1  0   2  2   2647  276   1
2  0   2  5   2653  277   1
0  2   2  3   2658  278   5
2  4   1  0   2660  279   1
1  7   2  3   2664  280   1
0  2   2  3   2666  281   5
1  0   2  0   2666  282   1
1  6   1  0   2667  283   1
2  2   1  0   2668  284   1
2  3   0  2   2668  285   1
0  2   2  3   2668  286   5
0  2   2  3   2671  287   5
1  0   2  5   2675  288   1
2  2   2  3   2679  289   1
2  0   2  3   2682  290   1
2  3   0  2   2695  291   1
2  3   1  0   2697  292   1
1  0   2  6   2711  293   1
2  3   2  4   2718  295   5
2  3   2  4   2719  296   1
1  0   1  1   2723  297   1
0  2   2  3   2726  298   5
2  5   2  3   2730  299   1
1  1   2  3   2739  300   1
2  3   0  2   2743  301   1
1  0   1  2   2745  302   1
2  3   0  2   2747  303   1
0  2   2  3   2747  304   5
2  3   2  1   2748  305   5
2  4   2  3   2748  306   1
0  1   1  0   2752  307   5
1  0   2  3   2757  309   1
0  1   1  0   2757  310   5
2  5   2  1   2758  311   1
0  2   2  3   2764  312   5
1  2   1  5   2768  313   1
2  3   0  2   2770  314   1
2  6   2  3   2778  315   1
0  2   2  3   2782  316   5
2  3   2  2   2782  317   5
2  3   0  2   2789  318   1
0  2   2  3   2789  319   5
0  2   2  3   2790  320   5
2  1   2  5   2792  321   1
0  2   1  2   2822  322   5
1  5   0  5   2824  323   1
2  3   0  2   2824  324   1
0  2   1  2   2827  326   5
1  0   2  7   2835  327   5
1  0   2  1   2836  328   1
2  3   0  2   2836  329   1
2  5   2  0   2842  330   5
0  2   2  3   2848  331   5
0  2   2  3   2855  332   5
2  3   2  2   2856  333   5
0  2   2  3   2870  334   5
1  2   1  3   2878  335   5
0  2   2  3   2878  336   5
1  0   1  3   2882  337   1
2  1   1  4   2891  338   1
0  2   2  3   2896  339   5
2  3   2  4   2899  340   5
1  3   2  6   2914  341   1
1  3   2  5   2914  342   1
0  2   2  3   2921  343   5
0  2   2  3   2924  344   5
2  7   2  4   2943  345   1
0  2   2  3   2944  346   5
1  4   2  7   2948  347   1
1  0   1  4   2949  348   1
2  3   1  4   2965  349   5
2  5   0  5   2968  350   1
2  6   0  6   2968  351   1
0  2   2  3   2972  352   5
0  2   2  3   2978  353   5
0  2   2  3   2987  354   5
0  2   2  3   2988  355   5
2  3   1  5   2988  356   5
2  7   1  4   2990  357   1
1  4   2  2   2991  358   1
0  2   2  3   2998  359   5
2  4   0  5   3002  360   1
0  2   2  3   3010  361   5
0  2   2  3   3026  362   5
0  2   2  3   3031  363   5
2  2   0  2   3032  364   1
2  3   1  2   3032  365   5
0  5   1  5   3040  366   5
1  4   2  1   3040  367   5
0  5   1  5   3045  368   5
1  0   1  4   3047  369   1
0  2   2  3   3052  370   5
0  2   2  3   3064  371   5
0  2   2  3   3076  372   5
0  2   2  3   3077  373   5
1  4   1  1   3087  374   1
1  5   1  2   3096  375   5
2  3   1  6   3097  376   5
2  3   1  7   3120  377   5
1  1   0  1   3128  378   1
1  0   2  6   3138  379   1
2  3   2  0   3163  380   5
0  5   2  5   3192  381   5
0  6   2  6   3196  382   5
0  5   2  5   3197  383   5
0  6   2  6   3201  384   5
2  6   1  4   3210  385   1
2  3   2  5   3229  386   5
0  5   2  4   3246  387   5
2  5   1  3   3246  388   5
1  4   2  6   3248  389   5
1  0   1  2   3251  390   1
0  5   2  4   3251  391   5
0  2   2  2   3252  392   5
2  3   1  1   3252  393   5
0  2   2  2   3257  394   5
2  6   1  3   3257  395   5
1  2   2  2   3272  396   1
2  3   2  6   3296  397   5
1  3   1  1   3298  398   1
2  2   1  2   3302  399   5
2  2   1  2   3302  400   1
2  6   1  0   3308  401   1
2  4   2  7   3312  402   5
2  3   1  0   3318  403   5
1  2   2  2   3322  404   1
1  1   0  1   3334  405   1
0  1   1  1   3339  406   5
0  1   1  1   3344  407   5
2  2   1  4   3348  408   5
1  0   1  7   3349  409   1
2  7   2  5   3369  410   1
1  1   1  4   3379  411   5
2  5   0  5   3412  412   1
1  7   2  1   3420  413   1
1  0   1  2   3440  414   1
1  2   1  4   3462  415   1
1  4   1  2   3498  416   5
2  1   0  1   3499  417   1
1  2   1  0   3536  418   1
0  1   1  1   3545  419   5
0  1   1  1   3550  420   5
1  0   2  0   3553  421   1
2  0   2  2   3570  422   1
1  1   1  3   3585  423   5
2  2   2  0   3601  424   5
1  3   1  2   3624  425   1
1  3   1  0   3626  426   1
0  5   2  5   3636  427   5
0  5   2  5   3641  428   5
1  0   2  2   3651  429   1
1  2   0  2   3666  430   1
1  0   2  6   3671  431   1
2  2   2  5   3683  432   1
2  5   2  7   3690  433   5
0  1   2  1   3715  434   5
0  1   2  1   3720  435   5
2  5   2  2   3730  436   5
2  7   2  6   3735  437   1
2  6   1  0   3738  438   1
1  0   1  7   3742  439   1
2  1   1  7   3760  440   5
2  6   0  6   3766  441   1
1  7   1  4   3810  442   1
1  0   0  1   3843  443   1
1  0   2  5   3855  444   1
1  4   1  7   3860  445   5
0  2   1  2   3882  446   5
0  2   1  2   3887  447   5
2  5   2  3   3912  448   1
1  7   1  0   3920  449   1
1  2   1  3   3938  450   5
2  3   2  5   3952  451   5
1  0   1  5   3953  452   1
1  0   1  3   3973  453   1
0  6   2  6   3992  454   5
0  6   2  6   3997  455   5
1  5   1  1   3998  456   1
1  3   2  0   4006  457   1
1  0   1  4   4044  458   1
1  1   1  4   4048  459   1
2  6   2  7   4052  460   5
0  1   1  0   4069  461   5
0  1   1  0   4074  462   5
1  4   1  1   4075  463   1
2  0   0  1   4076  464   1
2  7   1  1   4080  465   1
1  4   2  1   4087  466   1
2  7   2  4   4089  467   1
1  1   1  5   4116  468   5
2  1   0  1   4133  469   1
2  4   0  5   4148  470   1
1  1   2  7   4149  471   5
1  0   2  6   4152  472   5
1  0   2  6   4157  473   1
1  0   1  5   4257  475   1
2  6   2  3   4272  476   1
2  6   2  1   4273  477   1
1  0   1  2   4276  479   1
2  6   0  6   4291  480   1
1  2   1  0   4298  481   1
0  1   2  0   4302  482   5
0  1   2  0   4307  483   5
2  3   2  6   4318  484   5
2  1   0  1   4329  485   1
1  5   1  2   4332  486   1
0  1   2  1   4349  487   5
0  1   2  1   4354  488   5
1  0   2  6   4359  489   1
1  0   1  5   4359  490   1
1  2   1  5   4360  491   1
0  5   2  4   4380  492   5
2  0   1  3   4383  493   5
0  5   2  4   4385  494   5
2  1   1  4   4394  495   5
1  5   1  0   4416  496   5
1  5   1  4   4418  497   1
2  6   1  0   4428  498   1
1  3   1  2   4436  499   1
2  4   2  7   4446  500   5
1  0   2  1   4460  501   1
1  4   1  5   4464  502   5
2  1   2  2   4481  503   1
2  7   2  4   4494  504   1
1  2   0  2   4494  505   1
2  2   2  1   4502  506   5
0  6   2  6   4517  507   5
0  6   2  6   4522  508   5
1  0   1  2   4524  509   5
0  1   2  1   4545  511   5
2  1   1  4   4545  512   1
0  1   2  1   4550  513   5
2  4   2  7   4552  514   5
1  0   2  4   4557  515   1
1  4   2  1   4575  516   1
1  0   1  7   4578  518   1
1  2   2  1   4586  519   1
1  2   2  6   4588  520   1
2  1   2  6   4590  521   5
2  4   2  1   4604  522   1
2  1   1  2   4617  523   5
2  7   1  4   4620  524   1
2  1   1  7   4642  526   1
1  7   1  0   4654  527   1
1  0   1  1   4661  530   1
1  4   1  3   4672  531   1
2  6   1  2   4674  532   5
1  1   1  4   4677  533   1
1  3   1  4   4680  534   1
1  7   2  1   4698  535   1
1  4   2  7   4706  536   5
0  2   1  2   4710  537   5
0  2   1  2   4715  538   5
1  4   1  1   4718  539   5
1  2   0  2   4758  541   1
1  0   1  7   4761  542   5
1  0   2  3   4762  543   1
1  1   1  0   4763  544   1
1  2   2  2   4764  545   1
1  2   1  3   4766  546   5
2  1   2  4   4785  547   5
2  2   1  2   4790  548   5
2  7   2  6   4803  549   1
2  7   1  2   4806  551   1
1  3   2  1   4808  552   1
1  3   2  3   4808  553   1
1  3   0  2   4834  554   1
2  6   0  6   4834  555   1
2  3   0  2   4847  556   1
1  2   2  2   4848  558   1
2  1   0  1   4849  559   1
1  2   2  2   4852  560   1
1  2   2  3   4852  561   1
1  0   2  5   4859  562   1
2  2   0  2   4874  564   1
2  2   1  4   4880  565   1
2  2   2  0   4880  566   1
2  2   2  1   4880  567   1
1  7   2  1   4882  568   1
1  7   2  6   4884  569   1
2  1   2  2   4894  570   1
1  2   2  7   4896  571   5
2  0   2  2   4896  572   1
2  3   1  2   4903  573   5
1  4   2  2   4905  574   1
2  5   2  1   4914  575   1
2  6   1  7   4930  576   5
1  2   2  1   4936  577   1
2  2   1  2   4946  578   1
2  1   1  7   4959  579   5
2  1   2  5   4959  580   5
1  0   2  0   4963  581   1
2  1   2  7   4967  582   1
0  2   1  2   4974  583   5
0  2   1  2   4979  584   5
2  0   2  1   4980  585   1
2  7   2  5   4989  586   1
2  1   2  0   5006  587   5
2  5   0  5   5032  589   1
2  7   2  1   5045  590   1
0  2   1  3   5060  591   5
0  6   2  6   5060  592   5
1  0   1  5   5064  593   1
0  1   2  1   5065  594   5
0  2   1  3   5065  595   5
0  6   2  6   5065  596   5
0  1   2  1   5070  597   5
1  0   1  1   5072  598   1
0  2   2  3   5074  599   5
0  2   2  3   5079  600   5
1  1   1  0   5091  601   1
0  2   2  2   5094  602   5
0  2   2  2   5099  603   5
2  1   1  2   5109  604   5
2  1   1  3   5110  605   5
1  5   2  2   5112  606   1
2  6   2  7   5120  608   5
1  3   2  2   5132  609   1
1  3   1  4   5134  610   1
1  3   1  1   5140  611   1
1  0   1  1   5142  612   5
2  3   1  3   5142  613   5
2  2   1  2   5151  614   5
1  0   1  1   5162  615   1
1  4   0  5   5164  616   1
2  2   1  2   5176  617   1
1  2   1  0   5178  618   1
2  2   0  2   5182  619   1
1  2   2  2   5184  620   5
1  1   0  1   5188  621   1
1  1   1  5   5193  622   1
1  1   2  1   5194  623   1
1  1   2  6   5197  624   1
2  1   1  1   5217  625   5
2  2   1  5   5226  626   5
1  0   1  2   5241  627   5
1  5   1  1   5254  628   5
0  5   2  5   5256  629   5
0  5   2  5   5261  630   5
1  0   2  5   5265  631   1
2  6   1  1   5269  632   5
1  5   2  1   5292  633   1
1  2   2  4   5292  634   1
2  5   2  7   5310  635   5
2  5   1  4   5337  636   1
2  1   1  5   5347  637   5
2  4   2  7   5348  638   1
2  7   1  3   5358  639   1
2  7   2  2   5364  640   1
1  0   1  6   5366  641   1
1  4   2  5   5370  642   5
2  7   2  4   5375  643   1
0  5   1  4   5384  644   5
0  5   1  4   5389  645   5
0  1   1  1   5399  646   5
0  2   2  2   5403  647   5
0  1   1  1   5404  648   5
2  5   1  0   5406  649   1
0  2   2  2   5408  650   5
1  6   2  2   5424  651   1
2  2   0  2   5428  652   1
1  4   1  3   5429  653   5
1  3   0  2   5432  654   1
2  4   1  2   5434  655   5
1  1   1  3   5439  656   5
2  2   1  3   5451  657   5
1  3   2  7   5452  658   1
1  0   2  6   5464  659   1
1  4   2  2   5474  660   1
1  3   2  7   5478  661   1
1  2   2  5   5480  662   1
2  2   1  6   5488  663   5
2  2   1  4   5514  664   5
2  5   1  2   5537  665   5
2  6   2  1   5538  666   1
2  6   1  6   5538  667   1
2  7   0  6   5547  668   1
1  0   2  2   5567  669   1
2  7   0  6   5574  670   1
1  2   2  6   5590  671   1
1  6   0  6   5592  672   1
2  2   2  1   5597  673   1
2  1   2  6   5604  674   5
2  1   2  2   5618  675   5
2  1   2  2   5644  676   1
0  2   2  2   5648  677   5
2  6   1  2   5653  678   5
0  2   1  3   5658  679   5
0  2   1  3   5663  680   5
2  2   2  1   5665  681   5
0  2   2  2   5665  682   5
1  0   1  7   5668  683   1
2  6   2  2   5670  684   1
2  2   2  7   5695  685   5
1  2   1  1   5704  686   1
1  2   2  4   5710  687   1
2  2   2  6   5719  688   5
1  3   2  7   5720  689   5
1  1   1  2   5730  690   5
1  7   2  2   5736  691   1
1  0   2  5   5753  692   1
1  0   2  3   5766  693   1
2  4   2  7   5766  694   1
0  6   2  7   5786  695   5
0  6   2  7   5791  696   5
2  7   2  4   5792  697   1
2  6   2  2   5796  698   1
2  6   2  3   5799  699   1
2  6   2  3   5801  700   1
2  5   1  0   5808  701   1
2  2   1  7   5810  702   5
2  3   2  1   5811  703   1
0  6   2  7   5813  704   5
2  7   2  4   5814  705   1
0  6   2  7   5818  706   5
0  6   1  6   5819  707   5
0  6   1  6   5824  708   5
2  7   1  4   5835  709   1
2  1   2  3   5839  710   5
2  2   0  2   5842  711   1
2  3   2  6   5848  712   5
2  3   2  2   5860  713   1
2  3   2  4   5860  715   1
2  3   2  5   5860  716   1
2  4   1  2   5864  718   5
2  4   0  5   5872  719   1
2  2   2  3   5875  720   1
2  4   2  3   5882  721   1
1  4   0  5   5888  722   1
1  7   1  1   5890  723   1
2  6   2  1   5892  724   1
2  7   1  3   5892  725   5
2  5   2  3   5894  726   1
1  0   2  5   5904  727   5
1  0   2  4   5904  728   1
1  2   2  4   5912  729   1
1  6   2  6   5913  730   5
1  7   2  2   5922  731   1
2  3   2  6   5933  732   1
2  7   1  3   5934  733   5
2  1   2  6   5944  734   5
1  3   2  0   5962  735   1
1  1   1  4   5962  736   1
1  1   1  5   5962  737   1
2  4   1  2   5968  738   5
1  0   1  1   5970  739   1
2  4   1  4   5984  740   1
1  1   2  2   5988  741   1
1  4   1  1   5989  742   1
2  5   2  1   5991  743   1
2  5   2  6   5992  744   1
2  2   1  7   5996  745   5
1  5   1  1   6000  746   1
2  2   1  1   6018  747   5
2  6   2  5   6019  748   5
1  4   2  4   6028  749   5
1  2   1  4   6038  750   1
2  0   0  1   6038  751   1
2  1   2  5   6039  752   5
1  1   2  7   6044  753   1
2  4   1  0   6048  754   1
1  1   1  7   6050  755   1
2  0   2  2   6052  756   1
1  1   2  2   6062  757   1
0  2   2  2   6062  758   5
0  2   2  2   6067  759   5
1  0   1  6   6068  760   1
1  4   1  2   6074  761   5
2  2   2  0   6083  762   5
2  5   2  3   6091  763   1
2  2   1  1   6092  764   5
0  5   1  4   6108  765   5
1  4   1  1   6113  766   1
0  5   1  4   6113  767   5
2  2   2  6   6113  768   5
1  5   1  1   6116  769   1
0  5   2  4   6120  770   5
0  5   2  4   6125  771   5
1  6   1  1   6126  772   1
1  7   2  2   6126  773   1
1  7   2  2   6130  774   1
1  7   2  3   6130  775   1
2  3   2  6   6131  776   1
1  2   2  6   6136  777   1
1  1   2  2   6144  779   1
1  1   2  3   6147  780   1
1  1   2  2   6149  781   1
1  4   2  7   6153  782   5
2  7   0  6   6153  783   1
1  1   1  7   6154  784   1
2  6   1  0   6166  785   1
2  6   2  3   6168  787   5
2  2   0  2   6174  788   1
1  2   2  5   6176  789   1
2  2   1  2   6186  790   1
2  2   1  4   6186  791   1
2  2   1  5   6186  792   1
2  2   1  6   6186  793   1
2  2   1  7   6186  794   1
2  2   2  0   6186  795   1
2  2   2  1   6186  796   1
1  2   2  2   6194  797   1
2  4   2  7   6196  798   5
2  3   1  1   6197  799   5
2  2   0  2   6200  800   1
1  0   1  4   6210  802   1
1  4   2  2   6213  803   1
2  0   2  2   6214  804   1
2  3   1  7   6215  805   5
2  1   2  2   6224  806   1
1  1   2  1   6228  807   1
1  7   1  1   6228  808   5
2  6   0  6   6232  809   1
2  3   2  5   6233  810   5
2  5   0  5   6233  811   1
1  5   2  2   6238  812   1
2  1   1  1   6249  813   5
1  6   2  2   6251  814   1
1  0   2  6   6261  815   5
0  1   2  0   6264  816   5
1  4   1  0   6266  817   5
1  7   2  2   6268  818   1
0  1   2  0   6269  819   5
1  0   2  2   6276  821   1
2  5   1  3   6286  822   1
1  7   2  1   6306  823   1
2  5   2  2   6315  824   1
1  1   1  4   6318  825   5
1  1   1  5   6320  826   5
1  1   1  6   6320  827   5
2  7   1  0   6324  828   1
2  7   1  0   6330  829   1
2  7   1  5   6336  831   1
1  3   0  2   6344  832   1
2  0   1  3   6345  833   5
2  2   1  1   6352  834   1
2  2   1  1   6354  835   1
2  2   2  5   6355  836   5
2  6   2  4   6357  837   1
1  1   2  2   6368  838   5
1  0   2  4   6389  839   1
2  1   1  7   6391  840   5
0  6   2  7   6392  841   5
0  2   2  2   6394  842   5
0  6   2  7   6397  843   5
0  2   2  2   6399  844   5
2  4   2  6   6400  845   5
1  5   0  5   6404  846   1
1  3   2  1   6408  847   1
1  3   2  7   6410  848   1
1  5   1  0   6414  849   1
2  5   2  2   6427  850   1
2  5   2  3   6430  851   1
2  2   1  7   6430  852   1
2  2   1  7   6432  853   1
2  5   2  3   6433  854   1
2  4   1  0   6438  855   1
2  6   2  5   6440  856   1
0  2   2  2   6440  857   5
2  1   0  1   6449  858   1
0  2   2  2   6450  859   5
2  2   1  1   6451  860   5
0  5   2  5   6456  861   5
0  6   2  6   6460  862   5
0  6   2  6   6465  863   5
2  2   0  2   6467  864   1
2  5   2  6   6469  865   5
0  5   2  5   6469  866   5
2  3   2  5   6476  867   5
1  1   1  0   6479  868   1
2  3   2  6   6481  869   1
2  2   1  7   6495  870   5
1  7   2  2   6502  872   5
2  5   1  2   6510  873   5
2  7   0  6   6510  874   1
2  7   1  1   6510  875   5
2  6   1  1   6516  877   1
2  5   2  1   6517  878   1
2  6   2  4   6519  879   1
2  6   1  2   6521  880   5
2  6   2  3   6525  881   1
1  0   2  4   6528  882   5
1  0   1  1   6531  883   5
1  0   1  6   6531  884   1
1  2   1  3   6568  885   1
0  2   1  3   6570  886   5
1  2   2  2   6572  887   1
0  2   1  3   6575  888   5
1  1   2  6   6581  889   5
2  1   2  5   6582  890   5
2  4   2  6   6582  891   5
1  7   1  0   6584  892   1
2  2   1  0   6590  893   5
2  2   2  7   6602  894   1
1  1   2  4   6606  895   1
2  4   2  1   6606  896   1
2  3   2  5   6607  897   1
2  4   2  6   6608  898   1
1  3   1  2   6612  899   5
0  5   1  5   6620  900   5
0  5   1  5   6625  901   5
1  1   2  2   6627  902   1
1  3   2  5   6630  903   5
2  1   2  4   6645  904   5
1  2   2  4   6654  905   1
2  2   2  3   6655  906   1
2  6   2  4   6655  907   5
1  6   2  1   6657  908   1
2  2   1  0   6658  909   1
2  2   1  7   6658  910   1
2  7   2  2   6659  911   1
0  1   2  1   6665  912   5
2  4   1  1   6666  913   5
2  6   2  4   6668  914   1
0  1   2  1   6670  915   5
1  5   2  7   6676  916   5
2  4   2  3   6684  917   1
1  0   2  2   6686  918   1
0  2   2  2   6688  919   5
0  2   2  2   6693  920   5
2  1   2  2   6694  921   1
2  3   2  5   6695  922   1
1  0   1  7   6705  923   5
1  0   2  7   6705  924   1
1  0   2  7   6705  925   1
2  1   1  3   6710  926   5
2  4   0  5   6710  927   1
1  1   2  5   6712  928   1
2  4   2  6   6716  929   5
2  5   2  3   6716  930   5
1  7   2  2   6720  931   1
2  2   1  2   6721  932   5
2  1   1  6   6727  933   5
2  2   2  5   6738  934   5
1  3   1  0   6748  935   1
0  6   2  7   6749  936   5
1  3   1  4   6750  937   1
0  6   2  7   6754  938   5
1  3   2  1   6756  939   1
2  6   1  4   6763  940   1
1  2   1  4   6766  941   1
2  3   2  2   6772  942   5
2  3   2  4   6773  943   5
2  5   1  1   6775  944   5
1  4   0  5   6780  945   1
2  2   1  1   6794  946   1
2  2   1  1   6795  947   1
1  4   2  6   6800  948   5
1  4   1  2   6802  949   5
1  7   2  4   6804  950   1
2  5   1  0   6804  951   1
2  1   1  3   6805  952   5
1  1   2  2   6810  953   5
2  4   1  0   6814  954   1
1  0   0  1   6819  955   1
1  1   2  6   6827  956   1
1  0   2  3   6833  957   1
1  3   2  1   6848  958   1
2  4   2  2   6850  959   1
2  7   1  3   6852  960   5
2  7   2  0   6855  961   1
2  7   1  6   6855  962   1
2  2   2  1   6856  963   5
2  3   1  4   6873  964   1
2  6   1  2   6874  966   1
2  4   1  7   6874  967   5
2  2   2  4   6883  968   5
2  6   0  6   6888  969   1
2  1   0  1   6889  970   1
1  0   2  5   6894  971   5
1  0   0  1   6900  972   1
2  6   1  1   6901  973   5
1  4   2  3   6906  974   5
2  3   1  0   6942  975   1
0  5   2  4   6942  976   5
2  4   2  2   6946  977   1
1  7   2  5   6946  978   1
0  5   2  4   6947  979   5
2  4   2  3   6950  980   1
2  4   2  3   6950  981   1
1  2   2  6   6956  982   5
1  6   0  6   6960  984   1
1  1   2  4   6962  985   1
2  0   1  3   6972  986   1
2  5   2  4   6973  987   1
2  2   0  2   6979  989   1
2  3   2  2   6985  990   1
2  3   2  5   6985  991   1
2  3   2  4   6991  992   5
2  2   2  3   6996  993   1
2  5   1  7   7001  994   5
1  3   2  0   7002  995   1
0  5   1  4   7004  996   5
0  5   1  4   7009  998   5
2  5   2  3   7010  999   1
2  4   2  5   7012  1001   5
2  4   1  2   7012  1002   5
2  4   2  1   7024  1003   1
2  4   1  1   7034  1004   5
2  6   2  5   7035  1005   1
0  1   1  0   7045  1006   5
1  4   1  3   7049  1007   5
0  1   1  0   7056  1010   5
2  3   2  4   7057  1011   1
2  5   0  5   7063  1012   1
1  7   2  6   7064  1013   1
2  0   2  7   7072  1014   5
1  0   2  1   7077  1016   1
1  0   2  6   7080  1017   1
2  5   2  6   7081  1018   1
1  2   2  0   7094  1019   1
2  1   2  4   7095  1020   5
1  2   1  0   7100  1021   1
1  2   1  5   7102  1022   1
0  1   2  1   7105  1023   5
2  6   1  7   7105  1024   5
2  6   2  5   7105  1025   5
1  1   2  4   7108  1026   1
2  1   1  0   7113  1027   5
0  1   2  1   7113  1028   5
0  6   2  6   7118  1029   5
0  6   2  6   7123  1030   5
1  0   1  3   7128  1031   5
2  0   2  2   7130  1032   1
2  5   1  1   7137  1033   1
2  5   2  4   7141  1034   1
2  1   1  3   7150  1035   5
0  1   1  0   7153  1036   5
2  0   1  2   7154  1037   5
1  7   1  1   7156  1038   1
1  0   2  2   7158  1039   1
0  1   1  0   7158  1040   5
2  2   2  0   7161  1041   5
1  7   2  4   7162  1042   1
2  7   1  0   7164  1043   1
1  5   1  2   7168  1044   5
2  4   1  1   7174  1045   5
0  6   1  6   7181  1046   5
2  4   2  5   7182  1047   5
2  6   1  0   7183  1048   5
0  6   1  6   7186  1050   5
1  3   2  6   7192  1051   1
1  3   1  1   7192  1052   1
1  2   2  2   7194  1053   1
1  1   2  5   7198  1054   5
0  2   2  2   7200  1055   5
2  2   1  0   7206  1056   5
0  2   2  2   7206  1057   5
2  2   0  2   7220  1058   1
1  1   1  4   7226  1059   1
1  0   2  4   7236  1060   5
1  1   0  1   7238  1061   1
2  4   1  7   7240  1062   5
1  1   1  7   7244  1063   5
2  6   0  6   7246  1064   1
2  2   2  4   7247  1065   5
2  5   2  4   7266  1066   1
1  4   1  1   7266  1067   5
1  6   2  7   7266  1068   5
1  0   2  4   7281  1069   1
2  4   1  0   7286  1070   1
0  5   2  5   7286  1071   5
0  5   2  5   7291  1072   5
2  4   2  5   7304  1073   5
1  0   1  5   7310  1074   1
1  0   2  2   7323  1075   1
1  1   2  6   7327  1076   1
1  1   1  2   7328  1077   1
2  5   2  6   7340  1078   5
1  7   2  4   7350  1079   1
2  5   1  4   7351  1080   1
1  5   1  0   7356  1081   1
2  4   0  5   7356  1082   1
1  0   2  4   7368  1083   5
2  2   1  0   7368  1084   5
1  2   1  1   7372  1085   5
2  6   1  3   7373  1086   1
1  4   2  2   7374  1087   1
2  6   2  2   7375  1088   1
1  4   2  5   7388  1089   5
2  6   0  6   7399  1090   1
1  1   2  5   7404  1091   1
2  4   1  7   7420  1092   5
2  2   1  4   7424  1093   5
2  2   2  6   7426  1094   5
1  3   2  6   7436  1096   5
0  2   2  2   7440  1097   5
2  5   2  6   7441  1098   1
2  5   1  2   7443  1099   1
0  2   2  2   7445  1100   5
0  1   1  1   7449  1101   5
0  1   1  1   7454  1102   5
1  0   1  5   7455  1103   5
1  0   1  2   7455  1104   1
2  5   0  5   7469  1106   1
2  6   0  6   7469  1107   1
1  0   2  2   7470  1108   1
0  6   2  6   7472  1109   5
1  0   2  2   7476  1110   1
1  0   2  3   7476  1111   1
0  6   2  6   7477  1112   5
2  4   2  5   7478  1113   1
2  2   1  2   7487  1115   5
1  1   1  3   7489  1116   5
1  4   1  0   7498  1118   1
1  7   1  4   7504  1119   1
2  6   2  4   7506  1120   1
2  5   2  4   7511  1121   5
1  2   2  5   7512  1122   5
2  6   1  4   7516  1123   1
1  2   2  4   7524  1124   1
1  5   2  1   7532  1125   1
1  5   2  6   7534  1126   1
2  6   1  3   7544  1127   5
2  4   2  6   7546  1128   1
2  2   0  2   7548  1129   1
2  4   0  5   7550  1130   1
1  4   1  7   7552  1131   5
1  0   2  7   7553  1132   1
2  2   1  1   7554  1133   1
2  2   1  4   7554  1134   1
2  2   2  0   7554  1135   1
2  2   2  1   7554  1136   1
1  4   2  6   7562  1137   5
1  1   2  2   7567  1138   1
2  1   2  2   7571  1139   1
2  0   2  2   7574  1140   1
2  6   2  4   7579  1142   5
1  4   2  2   7581  1143   1
2  6   1  5   7582  1144   5
2  3   1  0   7583  1145   5
2  1   1  5   7587  1146   5
0  5   2  4   7590  1147   5
1  3   1  6   7594  1148   1
2  5   0  5   7598  1149   1
2  4   0  5   7602  1150   1
0  5   2  4   7602  1151   5
2  4   1  1   7610  1152   1
1  0   2  3   7612  1153   1
2  2   1  0   7622  1155   1
0  6   2  6   7625  1156   5
0  6   2  6   7630  1157   5
1  0   2  1   7641  1158   1
1  7   2  6   7642  1159   1
1  7   1  2   7644  1160   1
1  5   2  2   7648  1162   1
2  3   1  0   7653  1163   1
1  1   2  4   7653  1164   5
2  4   1  0   7656  1165   5
2  7   2  2   7668  1166   1
2  1   1  0   7677  1167   5
0  5   2  5   7692  1168   5
1  6   0  6   7695  1169   1
0  6   2  6   7696  1170   5
2  6   0  6   7696  1171   1
2  6   1  1   7696  1172   5
0  5   2  5   7697  1173   5
2  2   1  0   7698  1174   1
0  6   2  6   7701  1175   5
2  2   1  2   7727  1177   1
1  0   2  3   7728  1178   5
1  2   2  2   7736  1179   1
1  0   2  2   7739  1180   5
1  2   1  7   7744  1182   5
1  0   2  2   7746  1183   1
2  5   1  1   7746  1184   5
2  6   2  5   7760  1185   5
2  2   2  7   7762  1186   5
2  4   1  4   7766  1187   1
0  2   2  2   7768  1188   5
0  2   2  2   7773  1189   5
0  5   2  4   7784  1190   5
0  5   2  4   7789  1191   5
1  4   2  4   7792  1192   5
1  1   1  3   7802  1193   1
1  1   2  2   7804  1194   1
2  2   2  3   7809  1195   1
2  2   1  0   7815  1196   5
2  3   2  1   7818  1197   1
2  3   2  6   7819  1198   1
0  5   2  5   7820  1199   5
1  7   2  5   7824  1200   1
0  5   2  5   7825  1201   5
1  6   2  2   7827  1202   1
2  2   1  5   7834  1203   5
2  4   2  6   7836  1204   1
2  3   2  4   7837  1205   1
2  4   1  2   7838  1206   1
0  5   2  4   7838  1207   5
2  1   2  3   7847  1208   5
2  4   2  3   7848  1209   5
1  3   1  1   7856  1210   5
2  2   1  1   7858  1211   5
0  5   2  4   7858  1212   5
2  4   2  6   7859  1213   5
2  2   1  5   7864  1215   1
2  6   2  3   7864  1216   5
2  6   0  6   7870  1217   1
2  1   2  2   7884  1220   1
1  5   2  3   7884  1221   1
2  5   1  3   7890  1222   1
2  5   2  2   7893  1223   1
1  2   2  4   7896  1224   5
2  3   2  2   7897  1225   5
2  5   0  5   7900  1227   1
1  1   2  4   7907  1228   1
2  3   2  5   7909  1230   1
2  4   1  2   7912  1231   5
1  5   2  2   7912  1232   1
1  5   2  2   7914  1233   1
1  0   1  4   7914  1234   1
2  0   2  2   7916  1235   1
2  6   2  0   7916  1236   1
0  6   1  6   7916  1237   5
1  1   1  4   7917  1238   1
1  0   2  4   7920  1239   1
2  6   1  4   7920  1240   1
1  5   2  2   7920  1241   1
2  6   1  5   7920  1242   1
2  2   2  3   7920  1243   1
0  6   1  6   7921  1244   5
0  6   2  6   7922  1245   5
0  6   2  6   7927  1246   5
2  3   0  2   7931  1247   1
2  3   2  2   7935  1248   1
2  2   2  5   7937  1249   5
2  4   2  5   7944  1250   1
1  3   2  5   7946  1251   5
2  5   2  0   7954  1252   1
2  5   2  1   7954  1253   1
2  5   2  2   7954  1254   1
1  4   1  1   7960  1255   5
2  2   1  0   7962  1256   1
2  2   1  0   7963  1257   1
1  4   0  5   7964  1258   1
1  4   1  0   7965  1259   1
2  2   2  3   7966  1260   5
1  5   2  6   7970  1261   5
2  2   1  5   7974  1262   5
2  4   0  5   7974  1263   1
2  5   0  5   7978  1264   1
1  0   2  2   7991  1265   5
2  0   2  6   7994  1266   5
2  0   2  5   7994  1267   1
2  1   2  5   7994  1268   1
1  6   1  3   7995  1269   5
2  2   2  5   7995  1270   1
2  5   2  4   8001  1271   1
2  6   1  7   8006  1272   5
2  5   1  4   8014  1273   1
2  4   1  0   8014  1274   5
2  3   2  2   8029  1275   1
2  4   0  5   8040  1278   1
1  5   2  2   8044  1279   1
2  7   1  7   8046  1280   1
2  7   2  3   8046  1281   1
1  4   2  5   8048  1282   5
1  5   2  3   8050  1283   1
2  2   2  1   8052  1284   5
2  2   2  0   8053  1285   5
2  2   1  6   8054  1286   5
2  2   1  5   8054  1287   5
2  3   2  2   8057  1289   1
2  3   2  4   8057  1290   1
1  0   1  4   8058  1291   5
2  3   2  1   8061  1292   1
2  6   2  2   8061  1293   1
1  3   2  2   8072  1294   1
2  4   2  3   8072  1295   1
1  3   1  7   8074  1296   1
2  2   0  2   8074  1297   1
2  2   2  3   8074  1298   1
1  3   1  5   8078  1299   1
1  0   2  5   8079  1300   1
2  5   2  3   8084  1301   1
1  7   0  6   8092  1302   1
2  2   0  2   8094  1303   1
2  1   2  3   8095  1304   5
2  3   1  5   8098  1305   5
0  6   2  6   8099  1306   5
1  2   2  5   8102  1307   1
1  2   2  3   8102  1308   1
0  6   2  6   8104  1309   5
2  2   2  6   8105  1310   5
2  1   2  5   8107  1311   1
2  2   0  2   8108  1312   1
2  2   2  5   8109  1313   1
2  2   2  3   8109  1314   1
2  0   2  5   8110  1315   1
2  3   0  2   8116  1316   1
0  5   2  5   8126  1317   5
1  4   2  1   8127  1318   1
1  4   2  6   8128  1319   1
1  5   0  5   8130  1320   1
0  5   2  5   8131  1321   5
1  7   0  6   8146  1323   1
1  5   2  2   8150  1324   1
1  6   1  4   8154  1325   1
2  5   0  5   8159  1326   1
2  6   2  4   8159  1327   5
0  2   2  3   8166  1328   5
1  5   2  1   8170  1329   1
2  1   1  4   8173  1330   5
0  2   2  3   8179  1332   5
2  5   1  0   8183  1334   5
2  5   1  7   8183  1335   5
1  4   1  6   8194  1336   5
2  6   1  4   8197  1337   5
0  5   1  4   8200  1338   5
2  2   1  0   8200  1339   1
2  2   1  6   8200  1340   1
2  2   2  0   8200  1341   1
2  2   2  1   8200  1342   1
2  3   2  2   8203  1343   5
0  5   2  5   8204  1344   5
0  5   1  4   8205  1345   5
2  5   2  3   8207  1346   1
0  5   2  4   8210  1347   5
0  5   2  4   8215  1348   5
0  5   2  5   8219  1349   5
2  0   2  2   8220  1350   1
1  4   2  2   8224  1351   1
1  0   2  2   8225  1352   1
2  3   1  5   8226  1353   5
2  1   1  5   8227  1354   5
2  1   2  2   8228  1355   1
1  6   1  0   8232  1356   1
1  4   2  6   8235  1357   5
1  6   2  2   8240  1358   1
2  3   2  5   8247  1359   5
1  0   2  6   8265  1360   1
2  5   2  4   8267  1361   5
1  7   1  3   8270  1362   1
1  7   2  2   8274  1363   1
0  5   2  4   8280  1364   5
0  5   2  4   8298  1365   5
2  4   1  1   8299  1366   5
2  4   1  3   8306  1367   1
2  2   1  5   8306  1368   1
2  2   1  5   8308  1369   1
2  4   2  2   8310  1370   1
0  2   2  2   8316  1371   5
0  6   1  7   8321  1372   5
0  2   2  2   8321  1373   5
0  2   2  2   8322  1374   5
0  6   1  7   8326  1375   5
0  2   2  2   8327  1376   5
2  5   2  1   8332  1377   5
2  5   2  0   8333  1378   5
2  5   2  2   8333  1379   5
1  3   1  7   8340  1380   5
0  2   2  2   8342  1381   5
1  5   2  2   8344  1382   5
0  5   1  5   8346  1383   5
2  6   1  0   8347  1384   5
1  1   2  0   8350  1385   1
0  5   1  5   8351  1386   5
2  4   2  5   8352  1387   5
1  1   1  0   8354  1388   1
1  1   1  5   8354  1389   1
0  2   2  3   8354  1390   5
2  2   2  4   8359  1391   5
0  2   2  2   8359  1392   5
0  2   2  3   8359  1393   5
2  2   1  7   8366  1394   5
2  2   2  3   8366  1395   5
1  3   2  4   8368  1396   5
0  6   1  7   8375  1397   5
2  6   1  5   8376  1398   1
2  6   2  3   8376  1399   1
0  5   2  5   8382  1400   5
1  7   2  7   8382  1401   5
0  6   1  7   8383  1402   5
0  5   2  5   8387  1403   5
2  5   2  0   8398  1404   1
1  5   1  3   8402  1405   5
2  0   1  1   8402  1406   5
2  5   1  2   8404  1407   1
2  5   1  5   8404  1408   1
2  2   1  5   8409  1409   5
2  3   1  0   8415  1411   1
1  7   2  4   8418  1412   1
1  5   0  5   8420  1413   1
2  0   1  4   8426  1414   1
2  4   1  4   8428  1415   1
2  2   1  4   8428  1416   5
1  5   1  1   8434  1417   5
1  1   2  2   8436  1418   1
1  7   1  3   8436  1419   5
2  5   1  2   8436  1420   5
2  4   0  5   8442  1421   1
2  3   1  2   8444  1422   5
1  0   1  1   8448  1423   1
1  5   2  5   8448  1424   5
2  2   2  3   8452  1425   1
1  4   2  4   8454  1426   5
2  2   1  4   8456  1427   1
1  0   2  4   8457  1428   1
2  3   1  2   8461  1429   1
1  5   1  0   8464  1430   1
1  4   2  0   8472  1431   1
2  2   1  1   8474  1432   5
2  2   1  3   8474  1433   5
1  1   1  0   8479  1434   5
2  3   2  2   8480  1435   5
1  2   2  3   8480  1436   1
1  7   1  4   8482  1437   1
1  0   2  3   8490  1438   5
1  4   2  0   8490  1439   5
2  0   2  5   8492  1440   5
1  4   2  2   8493  1441   1
1  4   2  2   8496  1442   5
2  4   0  5   8500  1443   1
1  2   0  2   8506  1444   1
1  3   1  0   8518  1445   1
2  3   2  6   8525  1446   5
2  3   2  7   8527  1447   5
1  4   1  7   8530  1448   5
2  4   1  0   8532  1449   5
2  5   2  2   8551  1450   1
2  3   2  4   8554  1451   1
2  0   0  1   8564  1452   1
2  2   1  4   8570  1453   5
2  0   1  0   8572  1454   1
2  2   1  0   8581  1455   1
2  2   2  5   8591  1456   5
1  0   2  4   8601  1457   1
1  0   1  5   8610  1458   5
1  0   1  6   8610  1459   1
2  4   2  3   8618  1460   5
1  4   2  2   8637  1461   1
1  4   2  3   8640  1462   1
0  5   1  5   8640  1463   5
1  4   2  2   8642  1464   1
0  5   1  5   8645  1465   5
2  3   2  5   8655  1466   1
1  2   2  6   8658  1467   1
1  2   2  4   8658  1468   1
1  0   1  1   8669  1469   1
0  5   2  4   8676  1470   5
2  4   1  0   8676  1471   5
1  5   2  4   8678  1472   1
2  2   0  2   8678  1473   1
2  3   1  4   8681  1474   5
0  5   2  4   8681  1475   5
1  1   2  2   8685  1476   1
2  2   1  5   8690  1477   1
2  5   2  3   8695  1478   5
1  5   2  6   8696  1479   5
1  6   1  0   8706  1480   1
2  2   0  2   8716  1481   1
1  4   2  1   8720  1482   1
0  2   1  2   8722  1483   5
2  6   0  6   8722  1484   1
0  2   1  2   8727  1485   5
1  5   2  2   8730  1486   1
0  5   2  4   8732  1487   5
2  4   1  5   8732  1488   5
2  4   1  0   8734  1489   1
2  3   2  6   8740  1490   1
0  5   2  4   8745  1492   5
2  1   1  4   8765  1493   5
1  0   1  4   8766  1494   1
2  4   2  0   8768  1495   1
2  4   1  0   8774  1496   1
1  5   2  5   8776  1497   1
2  4   1  5   8776  1498   1
1  2   2  5   8778  1499   5
2  2   1  4   8780  1500   1
2  6   2  3   8785  1501   5
0  1   2  0   8790  1502   5
0  1   2  0   8795  1503   5
1  0   2  4   8795  1504   5
2  4   1  7   8800  1505   5
1  0   1  6   8805  1506   5
2  5   1  5   8809  1507   5
2  0   2  4   8826  1508   5
1  5   2  4   8828  1509   5
2  3   1  1   8829  1510   1
2  6   1  6   8830  1511   1
2  6   2  4   8830  1512   1
2  3   2  4   8833  1513   1
1  4   1  0   8836  1514   5
1  5   2  6   8842  1515   1
2  7   2  0   8847  1516   1
2  7   2  4   8847  1517   1
1  0   0  1   8856  1518   1
1  1   2  3   8862  1519   5
1  0   1  3   8864  1520   1
2  0   1  4   8871  1521   5
2  4   2  2   8872  1522   1
2  4   2  3   8872  1523   5
2  4   1  2   8882  1524   5
1  6   2  7   8883  1525   1
1  7   2  0   8884  1526   1
2  4   2  6   8884  1527   5
1  7   1  6   8890  1528   1
2  6   1  5   8890  1529   5
1  7   1  5   8892  1530   1
0  2   2  2   8898  1531   5
2  2   2  4   8905  1532   5
0  2   2  2   8905  1533   5
1  3   1  2   8906  1534   1
1  3   2  7   8910  1535   1
1  0   2  0   8911  1536   1
2  7   1  6   8912  1537   1
2  4   2  7   8914  1538   5
1  0   2  6   8916  1539   1
1  0   1  2   8919  1540   1
1  6   2  1   8919  1541   1
2  3   2  4   8919  1542   1
1  6   2  6   8922  1543   1
1  5   1  1   8922  1544   1
1  5   2  4   8928  1545   1
2  0   0  1   8934  1546   1
2  0   1  0   8936  1547   1
0  2   2  2   8936  1548   5
0  2   2  2   8944  1549   5
2  2   1  4   8945  1550   5
0  6   2  6   8948  1551   5
1  2   0  2   8948  1552   1
2  5   1  3   8949  1553   1
2  5   2  3   8949  1554   1
1  6   0  6   8949  1555   1
1  5   1  7   8950  1556   5
2  6   1  6   8959  1557   5
0  6   2  6   8959  1558   5
2  4   2  3   8964  1559   5
1  1   1  5   8972  1560   5
2  4   1  5   8974  1561   5
1  6   2  6   8976  1562   5
1  2   1  0   8980  1563   5
2  1   1  6   8989  1564   5
2  2   1  1   8989  1565   5
2  0   1  7   8990  1566   5
1  4   1  0   8994  1567   1
2  3   2  5   8995  1568   5
1  0   2  0   8997  1569   5
1  3   0  2   9004  1570   1
2  7   0  6   9006  1571   1
2  6   1  2   9008  1572   5
2  3   1  4   9013  1573   1
1  0   2  5   9024  1574   1
1  5   2  4   9034  1575   1
2  6   1  0   9053  1576   1
2  6   1  6   9054  1577   1
2  0   2  1   9056  1578   1
2  0   2  6   9058  1579   1
1  0   1  4   9069  1580   5
2  6   0  6   9073  1581   1
1  4   2  3   9080  1582   5
2  4   1  5   9080  1583   5
1  6   2  2   9081  1584   1
2  1   2  0   9082  1585   5
0  1   1  0   9085  1586   5
0  1   1  0   9090  1587   5
1  1   2  3   9103  1588   1
1  1   2  3   9103  1589   1
2  0   2  2   9104  1590   1
2  5   0  5   9107  1591   1
1  2   1  0   9112  1592   1
1  2   1  6   9114  1593   1
1  6   0  6   9117  1594   1
1  7   2  2   9128  1595   1
1  4   2  4   9130  1596   1
2  3   2  6   9133  1597   1
2  6   2  0   9133  1598   5
2  3   1  2   9135  1599   1
2  2   1  4   9135  1600   1
1  5   1  4   9136  1601   1
1  0   0  1   9153  1602   1
2  3   0  2   9155  1603   1
1  4   2  2   9159  1604   5
0  1   2  0   9160  1605   5
2  3   1  1   9161  1606   5
1  4   1  5   9162  1607   5
0  2   1  2   9164  1608   5
0  1   2  0   9165  1609   5
2  4   1  4   9166  1610   5
0  6   1  6   9170  1611   5
2  6   0  6   9173  1612   1
1  0   2  4   9174  1613   5
1  2   2  3   9182  1614   5
0  2   1  2   9182  1615   5
1  4   2  5   9202  1616   1
0  6   1  6   9204  1617   5
1  0   2  2   9213  1618   1
1  5   2  6   9214  1619   1
1  5   1  2   9216  1620   1
2  2   2  0   9216  1621   5
2  2   1  6   9218  1622   5
2  2   1  7   9222  1623   5
2  3   2  5   9226  1624   1
1  2   1  3   9226  1625   5
0  2   1  3   9230  1626   5
0  2   1  3   9235  1627   5
2  0   2  7   9239  1628   5
2  5   1  4   9239  1629   5
2  0   1  4   9240  1630   1
2  2   1  0   9245  1631   1
0  6   2  7   9245  1632   5
0  6   2  7   9250  1633   5
2  6   0  6   9253  1634   1
1  6   1  7   9267  1635   5
2  5   0  5   9268  1636   1
2  0   2  2   9276  1637   1
1  2   1  5   9276  1638   5
1  4   2  6   9280  1639   1
1  6   2  6   9285  1640   1
1  3   2  5   9290  1641   5
0  6   2  6   9299  1642   5
0  6   2  6   9304  1643   5
2  2   2  0   9307  1644   5
1  0   2  2   9315  1645   5
1  5   2  5   9324  1646   1
2  6   1  4   9325  1647   5
0  5   2  5   9330  1648   5
2  6   0  6   9331  1649   1
1  4   0  5   9332  1650   1
0  5   2  5   9335  1651   5
1  6   2  2   9336  1652   1
0  6   1  6   9338  1653   5
0  6   1  6   9343  1654   5
2  7   1  3   9348  1655   5
2  6   1  0   9362  1656   5
2  0   2  2   9364  1657   1
1  4   1  1   9367  1658   1
2  0   2  2   9368  1659   1
2  0   2  3   9368  1660   1
1  4   2  4   9370  1661   1
2  5   0  5   9373  1662   1
2  2   2  1   9375  1663   1
2  2   2  6   9376  1664   1
0  1   1  0   9379  1665   5
0  2   2  3   9382  1666   5
0  1   1  0   9384  1667   5
2  1   2  2   9386  1668   1
0  2   2  3   9387  1669   5
2  2   0  2   9395  1670   1
2  1   2  2   9396  1671   5
0  6   2  6   9398  1672   5
2  4   1  1   9400  1673   1
2  4   2  3   9400  1674   1
2  2   1  6   9400  1675   5
2  2   1  4   9401  1676   1
2  2   1  6   9401  1677   1
0  6   2  6   9403  1678   5
2  4   1  4   9406  1679   5
2  7   1  0   9408  1680   1
1  1   1  4   9408  1681   5
2  7   1  6   9411  1682   1
2  5   1  0   9415  1683   5
2  3   2  0   9421  1684   5
2  6   2  2   9424  1685   5
1  3   2  3   9446  1686   1
1  6   2  6   9447  1687   5
1  0   1  2   9448  1688   5
2  0   2  1   9456  1689   1
2  6   2  3   9458  1690   5
1  4   2  2   9461  1691   1
1  0   1  2   9462  1692   1
2  3   1  1   9463  1693   5
1  4   2  4   9464  1694   1
2  3   2  4   9464  1695   5
1  1   0  1   9470  1696   1
2  5   1  4   9472  1697   1
2  5   2  4   9472  1698   1
1  7   2  3   9478  1700   1
0  6   2  6   9479  1701   5
2  3   0  2   9479  1702   1
1  6   2  2   9479  1703   1
2  1   2  0   9482  1704   5
0  6   2  6   9490  1706   5
0  5   2  5   9492  1707   5
1  6   1  2   9492  1708   5
1  6   2  7   9495  1709   5
0  5   2  5   9497  1710   5
1  2   2  0   9498  1712   1
2  4   1  4   9500  1713   5
1  6   2  2   9502  1714   1
1  2   1  0   9504  1716   1
2  2   0  2   9505  1717   1
1  7   0  6   9508  1720   1
1  0   1  3   9510  1721   1
1  6   2  2   9511  1722   1
1  6   2  3   9511  1723   1
1  0   2  2   9516  1724   1
1  4   2  6   9524  1726   1
2  4   2  5   9536  1727   5
2  5   2  3   9546  1729   5
2  3   1  7   9547  1731   5
2  2   2  3   9550  1732   1
2  6   1  5   9551  1733   5
