0 9 6
0 24 4
0 14 3
1 13 0
1 18 7
1 16 0
1 6 8
1 20 8
2 21 2
3 11 1
3 28 1
4 12 8
4 29 7
4 1 5
4 13 6
4 25 1
4 28 1
4 12 9
5 25 7
5 15 5
5 7 0
6 29 9
6 12 6
6 24 6
7 2 7
7 1 7
7 1 3
7 30 8
7 26 2
8 0 5
8 7 6
8 6 1
8 13 1
9 14 3
9 17 4
9 27 6
10 10 7
10 12 3
10 9 1
11 12 2
11 26 7
12 5 7
12 20 5
12 27 0
12 24 3
12 19 9
12 16 1
12 31 0
13 20 9
13 16 8
13 31 1
13 13 3
14 19 9
14 28 5
14 14 3
14 21 7
14 20 5
15 19 3
15 10 3
15 21 7
16 10 0
16 28 7
17 27 8
17 29 5
17 3 7
18 11 7
19 11 3
19 26 6
19 5 0
19 10 8
20 3 7
20 18 6
21 25 2
22 30 8
22 21 7
23 27 1
23 4 3
23 4 2
24 20 7
24 25 9
24 21 0
26 3 7
26 24 8
26 24 3
26 28 1
26 11 9
27 15 5
27 15 3
27 30 2
28 25 5
28 23 3
28 1 0
28 10 2
29 7 0
29 29 6
29 8 2
29 25 5
30 4 6
30 1 1
30 20 6
