0 27 5
0 10 8
0 10 2
0 16 5
1 18 3
1 6 3
1 15 8
1 31 1
1 16 4
2 2 4
2 21 4
2 28 3
2 26 1
2 7 2
3 7 3
3 20 7
3 10 6
5 7 9
5 8 9
6 19 5
6 15 5
6 6 1
6 2 8
7 5 3
7 14 7
7 4 8
8 4 5
8 9 9
8 2 1
8 1 8
9 31 9
9 19 3
9 7 1
9 11 2
9 26 8
10 20 7
11 7 4
11 30 3
12 28 5
13 30 8
13 20 5
14 25 7
14 0 9
14 24 5
14 20 6
14 28 3
15 29 1
15 28 6
15 14 8
16 30 4
17 2 5
17 8 1
17 20 9
18 25 7
18 18 4
19 11 2
19 24 4
19 13 6
19 10 7
20 8 6
20 22 9
21 3 4
21 11 2
21 30 7
21 13 3
21 11 8
21 22 9
22 9 3
23 22 1
23 11 4
23 12 9
24 12 1
24 2 1
24 7 7
25 0 3
25 8 1
26 13 7
26 14 8
26 9 4
26 9 3
26 23 2
27 4 6
27 15 4
27 18 8
28 2 9
28 1 1
28 10 1
28 31 7
28 26 3
29 18 1
29 2 2
30 4 3
31 22 4
31 13 7
31 7 9
31 7 2
31 3 3
31 1 3
31 22 7
31 4 2
